CPLEX 12.9.0.0: optimal solution; objective 20.69817566
379 dual simplex iterations (9 in phase I)
x [*,*] (tr)
:         1          2          3           4           5          6        :=
1     0.0653175   0          0          0            0          0
2     0           0          0          0            0          0
3     0           0          0          0            0          0
4     0           0          0          0            0          0
5     0           0          0          0            0          0
6     0           0          0          0            0          0
7     0           0          0          0            0          0
8     0           0          0          0            0          0
9     0           0          0          0            0          0.452545
10    0           0          0          0            0          0
11    0           0          0          0            0          0
12    0           0          0.537837   0            0          0
13    0           0          0          0            0          0
14    0           0          0          0            0          0
15    0           0          0          0            0          0
16    0           0          0          1            0          0
17    0           0          0          0            0          0
18    0           0          1          0            0          0
19    0           0          0          0            0          0
20    0           0          0          0            0          0
21    0           0          0          0            0          0
22    0           0          0          0            0          0
23    0           0          0          0            0          0
24    0           0          0          0            0          0
25    0           0          0          0            0          0
26    0           1          0          0            0          0
27    0           0          0          0            0          1
28    0           0          0          0            0          0
29    0           0          0          0            0          0
30    0           0          0          0            0          0
31    0           0          0          0            0          0
32    0           0          0          0            1          0
33    0           0          0          0            0          0
34    0           0          0          0            0          0
35    0           0          0          0            0          0
36    0           0          0          0.326857     0          0
37    0           0          0          0            0          0
38    0           0          0          0            0          0
39    0           0          0          0            0          0
40    0           0          0          0            0          0
41    0           0          0          0            0          0
42    0           0          0          0            0          0
43    0           0          0          1            0          0
44    0           0          0          0            0          0
45    0           0          0          0            0          0
46    1           0          0          0            0          0
47    0           0          0          0            0          0
48    0           0          0          0            0          0
49    1           0          0          0            0          0
50    0           0          0          0.87288      0          0
51    0           0          0          0            0          0
52    0           0          0          0            0          0
53    0           0          0          0            0          0
54    0           0          0          0            0          1
55    0           0          0          0            0          0
56    0           0          0          0            0          0
57    0           0          0          0            0          0
58    0           0          0          0            0          0
59    0           0          0.112182   0            0          0.887818
60    0           0          0          0            0          0
61    0           0          0          0            0          0
62    0           0          0          0            0          0
63    0           0          0          0            0          1
64    0           0          0          0            0          0
65    0           0          0          0            0          0
66    0           0          0          0            0          0
67    0           0          0          0            0          0
68    0           1          0          0            0          0
69    0           0          0          0            0          0
70    0           0          0          0            0          0
71    0           0          0          0            0          0
72    0           0          0          0            0          0
73    0           0          0          0            0.965411   0
74    0           0          0          0            0          0
75    0           0          0          0            0          0
76    0           0          0          1            0          0
77    0           0          0          0            0          0
78    0           0          0          0            0.607057   0
79    0.721311    0          0          0            0          0.278689
80    0           0          1          0            0          0
81    0           0          1          0            0          0
82    0           0          0          0            0          0
83    0           0          0          0.00405697   0.995943   0
84    0           0          0          0            0          0
85    0           0          0          0            0          0
86    0           0          0          0            0          0
87    0           0          0          0            0          0
88    0           0          0          0            0          0
89    0           0          0          0            0          0
90    0           0          0          0            0          0
91    0           0          0          0            0          0.445027
92    0           0.269974   0          0            0          0
93    0           0          0          0            0.224454   0
94    0           0          0          0            0          0
95    0           0          0          0            0          0
96    0           0          0          0            0          0
97    0           0          0          0            0          0
98    1           0          0          0            0          0
99    0           0          0          0            0          0
100   0           0          0          0            0          0

:        7           8          9        :=
1     0          0           0
2     0          0           0
3     0          0           0
4     0          0           0
5     0          0           0
6     0          0           0
7     0          0           0
8     0          0           0
9     0          0           0.547455
10    0          0           0
11    0          0           0
12    0          0           0.462163
13    0          0           0
14    0          0           0
15    0          0           0
16    0          0           0
17    0          1           0
18    0          0           0
19    0          0           0
20    0          0           0
21    0          0           0
22    0          0           0
23    0          0           0
24    0          0           0
25    0          0           0
26    0          0           0
27    0          0           0
28    0          0           0
29    0          0           0
30    0          0           0
31    0          0           0
32    0          0           0
33    0          0           0
34    0          0           0
35    0          0           0
36    0.673143   0           0
37    0          0           0
38    0          0           0
39    0          0           0
40    0          0           0
41    0          0           0
42    0          0           0
43    0          0           0
44    0          0           0
45    0          0           0
46    0          0           0
47    0          0           0
48    0          0           0
49    0          0           0
50    0.12712    0           0
51    0          0           0
52    0          0           0
53    0          0           0
54    0          0           0
55    0          0           0
56    0          0           0
57    0          0           0
58    0          0           0
59    0          0           0
60    0          0           0
61    0          0           0
62    0          0           0
63    0          0           0
64    0          0           0
65    0          0           0
66    0          0           0
67    0          0           0
68    0          0           0
69    0          0           0
70    0          0           0
71    0          0           0
72    0          0           0
73    0          0.0345887   0
74    0          0           0
75    0          0           0
76    0          0           0
77    0          0           0
78    0          0           0
79    0          0           0
80    0          0           0
81    0          0           0
82    0          0           0
83    0          0           0
84    0          0           0
85    0          0           0
86    1          0           0
87    0          0           0
88    0          0           0
89    0          0           1
90    0          0           0
91    0.554973   0           0
92    0          0.135943    0
93    0          0           0
94    0          0           0
95    0          0           0
96    0          0           0
97    0          0           0
98    0          0           0
99    0          0           0
100   0          0           0
;

y [*,*] (tr)
:         1       2   3      4         5          6          7          8    :=
1     0.0653175   0   0   0         0          0          0         0
2     0           0   0   0         0          0          0         0
3     0           0   0   0         0          0          0         0
4     0           0   0   0         0          0          0         0
5     0           0   0   0         0          0          0         0
6     0           0   0   0         0          0          0         0
7     0           0   0   0         0          0          0         0
8     0           0   0   0         0          0          0         0
9     0           0   0   0         0          1          0         0
10    0           0   0   0         0          0          0         0
11    0           0   0   0         0          0          0         0
12    0           1   0   0         0          0          0         0
13    0           0   0   0         0          0          0         0
14    0           0   0   0         0          0          0         0
15    0           0   0   0         0          0          0         0
16    0           0   0   0         0          0          0         1
17    0           0   0   0         1          0          0         0
18    0           1   0   0         0          0          0         0
19    0           0   0   0         0          0          0         0
20    0           0   0   0         0          0          0         0
21    0           0   0   0         0          0          0         0
22    0           0   0   0         0          0          0         0
23    0           0   0   0         0          0          0         0
24    0           0   0   0         0          0          0         0
25    0           0   0   0         0          0          0         0
26    0           0   0   0         1          0          0         0
27    0           0   0   0         0          1          0         0
28    0           0   0   0         0          0          0         0
29    0           0   0   0         0          0          0         0
30    0           0   0   0         0          0          0         0
31    0           0   0   0         0          0          0         0
32    0           0   0   0         1          0          0         0
33    0           0   0   0         0          0          0         0
34    0           0   0   0         0          0          0         0
35    0           0   0   0         0          0          0         0
36    0           0   0   1         0          0          0         0
37    0           0   0   0         0          0          0         0
38    0           0   0   0         0          0          0         0
39    0           0   0   0         0          0          0         0
40    0           0   0   0         0          0          0         0
41    0           0   0   0         0          0          0         0
42    0           0   0   0         0          0          0         0
43    0           0   0   0         0          0          1         0
44    0           0   0   0         0          0          0         0
45    0           0   0   0         0          0          0         0
46    1           0   0   0         0          0          0         0
47    0           0   0   0         0          0          0         0
48    0           0   0   0         0          0          0         0
49    1           0   0   0         0          0          0         0
50    0           0   0   0.87288   0          0          0.12712   0
51    0           0   0   0         0          0          0         0
52    0           0   0   0         0          0          0         0
53    0           0   0   0         0          0          0         0
54    0           0   0   0         0          1          0         0
55    0           0   0   0         0          0          0         0
56    0           0   0   0         0          0          0         0
57    0           0   0   0         0          0          0         0
58    0           0   0   0         0          0          0         0
59    0           0   1   0         0          0          0         0
60    0           0   0   0         0          0          0         0
61    0           0   0   0         0          0          0         0
62    0           0   0   0         0          0          0         0
63    0           0   0   0         0          1          0         0
64    0           0   0   0         0          0          0         0
65    0           0   0   0         0          0          0         0
66    0           0   0   0         0          0          0         0
67    0           0   0   0         0          0          0         0
68    0           1   0   0         0          0          0         0
69    0           0   0   0         0          0          0         0
70    0           0   0   0         0          0          0         0
71    0           0   0   0         0          0          0         0
72    0           0   0   0         0          0          0         0
73    0           0   0   0         0.965411   0          0         0.0345887
74    0           0   0   0         0          0          0         0
75    0           0   0   0         0          0          0         0
76    0           0   0   0         0          0          1         0
77    0           0   0   0         0          0          0         0
78    0           0   0   0         0.607057   0          0         0
79    1           0   0   0         0          0          0         0
80    0           1   0   0         0          0          0         0
81    0           0   0   0         1          0          0         0
82    0           0   0   0         0          0          0         0
83    0           0   0   0         1          0          0         0
84    0           0   0   0         0          0          0         0
85    0           0   0   0         0          0          0         0
86    0           0   0   0         0          0          1         0
87    0           0   0   0         0          0          0         0
88    0           0   0   0         0          0          0         0
89    0           0   0   0         0          0          0         0
90    0           0   0   0         0          0          0         0
91    0           0   0   0         0.554973   0.445027   0         0
92    0           0   0   0         0.405917   0          0         0
93    0           0   0   0         0          0          0         0.224454
94    0           0   0   0         0          0          0         0
95    0           0   0   0         0          0          0         0
96    0           0   0   0         0          0          0         0
97    0           0   0   0         0          0          0         0
98    1           0   0   0         0          0          0         0
99    0           0   0   0         0          0          0         0
100   0           0   0   0         0          0          0         0

:     9    :=
1     0
2     0
3     0
4     0
5     0
6     0
7     0
8     0
9     0
10    0
11    0
12    0
13    0
14    0
15    0
16    0
17    0
18    0
19    0
20    0
21    0
22    0
23    0
24    0
25    0
26    0
27    0
28    0
29    0
30    0
31    0
32    0
33    0
34    0
35    0
36    0
37    0
38    0
39    0
40    0
41    0
42    0
43    0
44    0
45    0
46    0
47    0
48    0
49    0
50    0
51    0
52    0
53    0
54    0
55    0
56    0
57    0
58    0
59    0
60    0
61    0
62    0
63    0
64    0
65    0
66    0
67    0
68    0
69    0
70    0
71    0
72    0
73    0
74    0
75    0
76    0
77    0
78    0
79    0
80    0
81    0
82    0
83    0
84    0
85    0
86    0
87    0
88    0
89    1
90    0
91    0
92    0
93    0
94    0
95    0
96    0
97    0
98    0
99    0
100   0
;

u [*,*]
:     1      2          3       4   5      6          7          8        :=
1     0   0          0          0   0   0          0          0
2     0   0          0          0   0   0          0          0
3     0   0          0          0   0   0          0          0
4     0   0          0          0   0   0          0          0
5     0   0          0          0   0   0          0          0
6     0   0          0          0   0   0          0          0
7     0   0          0          0   0   0          0          0
8     0   0          0          0   0   0          0          0
9     0   0          0          0   0   0          0          0
10    0   0          0          0   0   0          0          0
11    0   0          0          0   0   0          0          0
12    0   0          0          0   0   0          0          0
13    0   0          0          0   0   0          0          0
14    0   0          0          0   0   0          0          0
15    0   0          0          0   0   0          0          0
16    0   0          0          0   0   0          1          0
17    0   1          1          0   0   0          0          0
18    0   0          0          0   0   0          0          0
19    0   0          0          0   0   0          0          0
20    0   0          0          0   0   0          0          0
21    0   0          0          0   0   0          0          0
22    0   0          0          0   0   0          0          0
23    0   0          0          0   0   0          0          0
24    0   0          0          0   0   0          0          0
25    0   0          0          0   0   0          0          0
26    0   0          0          0   0   0          0          1
27    0   0          0          0   0   0          0          0
28    0   0          0          0   0   0          0          0
29    0   0          0          0   0   0          0          0
30    0   0          0          0   0   0          0          0
31    0   0          0          0   0   0          0          0
32    0   0          0          0   0   0          0          0
33    0   0          0          0   0   0          0          0
34    0   0          0          0   0   0          0          0
35    0   0          0          0   0   0          0          0
36    0   0.673143   0          0   0   0          0          0
37    0   0          0          0   0   0          0          0
38    0   0          0          0   0   0          0          0
39    0   0          0          0   0   0          0          0
40    0   0          0          0   0   0          0          0
41    0   0          0          0   0   0          0          0
42    0   0          0          0   0   0          0          0
43    0   0          1          0   0   0          1          0
44    0   0          0          0   0   0          0          0
45    0   0          0          0   0   0          0          0
46    0   0          0          0   0   0          0          0
47    0   0          0          0   0   0          0          0
48    0   0          0          0   0   0          0          0
49    0   0          0          0   0   0          0          0
50    0   0          0          0   0   0          0          0
51    0   0          0          0   0   0          0          0
52    0   0          0          0   0   0          0          0
53    0   0          0          0   0   0          0          0
54    0   0          0          0   0   0          0          0
55    0   0          0          0   0   0          0          0
56    0   0          0          0   0   0          0          0
57    0   0          0          0   0   0          0          0
58    0   0          0          0   0   0          0          0
59    0   0          0          0   0   0          0          0
60    0   0          0          0   0   0          0          0
61    0   0          0          0   0   0          0          0
62    0   0          0          0   0   0          0          0
63    0   0          0          0   0   0          0          0
64    0   0          0          0   0   0          0          0
65    0   0          0          0   0   0          0          0
66    0   0          0          0   0   0          0          0
67    0   0          0          0   0   0          0          0
68    0   0          0          0   0   0          0          0
69    0   0          0          0   0   0          0          0
70    0   0          0          0   0   0          0          0
71    0   0          0          0   0   0          0          0
72    0   0          0          0   0   0          0          0
73    0   0          0          0   0   0          0          0
74    0   0          0          0   0   0          0          0
75    0   0          0          0   0   0          0          0
76    0   0          1          0   0   0          1          0
77    0   0          0          0   0   0          0          0
78    0   0          0          0   0   0          0          0
79    0   0          0          0   0   0.278689   0          0
80    0   0          0          0   0   0          0          0
81    0   0          0          0   0   0          0          1
82    0   0          0          0   0   0          0          0
83    0   0          0          0   0   0          0          0
84    0   0          0          0   0   0          0          0
85    0   0          0          0   0   0          0          0
86    0   0          0          0   0   0          0          0
87    0   0          0          0   0   0          0          0
88    0   0          0          0   0   0          0          0
89    0   0          0          0   0   0          0          0
90    0   0          0          0   0   0          0          0
91    0   0.554973   0          0   0   0          0          0
92    0   0.135943   0.135943   0   0   0          0          0.269974
93    0   0          0          0   0   0          0.224454   0
94    0   0          0          0   0   0          0          0
95    0   0          0          0   0   0          0          0
96    0   0          0          0   0   0          0          0
97    0   0          0          0   0   0          0          0
98    0   0          0          0   0   0          0          0
99    0   0          0          0   0   0          0          0
100   0   0          0          0   0   0          0          0

:        9          10         11     12  13  14  15  16  17       18        :=
1     0          0          0          0   0   0   0   0   0   0
2     0          0          0          0   0   0   0   0   0   0
3     0          0          0          0   0   0   0   0   0   0
4     0          0          0          0   0   0   0   0   0   0
5     0          0          0          0   0   0   0   0   0   0
6     0          0          0          0   0   0   0   0   0   0
7     0          0          0          0   0   0   0   0   0   0
8     0          0          0          0   0   0   0   0   0   0
9     0          0          0.547455   0   0   0   0   0   0   0
10    0          0          0          0   0   0   0   0   0   0
11    0          0          0          0   0   0   0   0   0   0
12    1          0.462163   0.462163   0   0   0   0   0   0   0
13    0          0          0          0   0   0   0   0   0   0
14    0          0          0          0   0   0   0   0   0   0
15    0          0          0          0   0   0   0   0   0   0
16    0          0          0          0   0   0   0   0   0   1
17    0          0          0          0   0   0   0   0   0   1
18    1          0          0          0   0   0   0   0   0   0
19    0          0          0          0   0   0   0   0   0   0
20    0          0          0          0   0   0   0   0   0   0
21    0          0          0          0   0   0   0   0   0   0
22    0          0          0          0   0   0   0   0   0   0
23    0          0          0          0   0   0   0   0   0   0
24    0          0          0          0   0   0   0   0   0   0
25    0          0          0          0   0   0   0   0   0   0
26    0          0          0          0   0   0   0   0   0   0
27    0          0          0          0   0   0   0   0   0   0
28    0          0          0          0   0   0   0   0   0   0
29    0          0          0          0   0   0   0   0   0   0
30    0          0          0          0   0   0   0   0   0   0
31    0          0          0          0   0   0   0   0   0   0
32    0          0          0          0   0   0   0   0   0   0
33    0          0          0          0   0   0   0   0   0   0
34    0          0          0          0   0   0   0   0   0   0
35    0          0          0          0   0   0   0   0   0   0
36    0          0          0          0   0   0   0   0   0   0
37    0          0          0          0   0   0   0   0   0   0
38    0          0          0          0   0   0   0   0   0   0
39    0          0          0          0   0   0   0   0   0   0
40    0          0          0          0   0   0   0   0   0   0
41    0          0          0          0   0   0   0   0   0   0
42    0          0          0          0   0   0   0   0   0   0
43    0          0          0          0   0   0   0   0   0   1
44    0          0          0          0   0   0   0   0   0   0
45    0          0          0          0   0   0   0   0   0   0
46    0          0          0          0   0   0   0   0   0   0
47    0          0          0          0   0   0   0   0   0   0
48    0          0          0          0   0   0   0   0   0   0
49    0          0          0          0   0   0   0   0   0   0
50    0          0          0          0   0   0   0   0   0   0
51    0          0          0          0   0   0   0   0   0   0
52    0          0          0          0   0   0   0   0   0   0
53    0          0          0          0   0   0   0   0   0   0
54    0          0          0          0   0   0   0   0   0   0
55    0          0          0          0   0   0   0   0   0   0
56    0          0          0          0   0   0   0   0   0   0
57    0          0          0          0   0   0   0   0   0   0
58    0          0          0          0   0   0   0   0   0   0
59    0          0.887818   0          0   0   0   0   0   0   0
60    0          0          0          0   0   0   0   0   0   0
61    0          0          0          0   0   0   0   0   0   0
62    0          0          0          0   0   0   0   0   0   0
63    0          0          0          0   0   0   0   0   0   0
64    0          0          0          0   0   0   0   0   0   0
65    0          0          0          0   0   0   0   0   0   0
66    0          0          0          0   0   0   0   0   0   0
67    0          0          0          0   0   0   0   0   0   0
68    0          0          0          0   0   0   0   0   0   0
69    0          0          0          0   0   0   0   0   0   0
70    0          0          0          0   0   0   0   0   0   0
71    0          0          0          0   0   0   0   0   0   0
72    0          0          0          0   0   0   0   0   0   0
73    0          0          0          0   0   0   0   0   0   0
74    0          0          0          0   0   0   0   0   0   0
75    0          0          0          0   0   0   0   0   0   0
76    0          0          0          0   0   0   0   0   0   1
77    0          0          0          0   0   0   0   0   0   0
78    0          0          0          0   0   0   0   0   0   0
79    0.278689   0.278689   0          0   0   0   0   0   0   0
80    1          0          0          0   0   0   0   0   0   0
81    1          0          0          0   0   0   0   0   0   0
82    0          0          0          0   0   0   0   0   0   0
83    0          0          0          0   0   0   0   0   0   0.00405697
84    0          0          0          0   0   0   0   0   0   0
85    0          0          0          0   0   0   0   0   0   0
86    0          0          0          0   0   0   0   0   0   0
87    0          0          0          0   0   0   0   0   0   0
88    0          0          0          0   0   0   0   0   0   0
89    0          0          0          0   0   0   0   0   0   0
90    0          0          0          0   0   0   0   0   0   0
91    0          0          0          0   0   0   0   0   0   0.554973
92    0          0          0          0   0   0   0   0   0   0.135943
93    0          0          0          0   0   0   0   0   0   0
94    0          0          0          0   0   0   0   0   0   0
95    0          0          0          0   0   0   0   0   0   0
96    0          0          0          0   0   0   0   0   0   0
97    0          0          0          0   0   0   0   0   0   0
98    0          0          0          0   0   0   0   0   0   0
99    0          0          0          0   0   0   0   0   0   0
100   0          0          0          0   0   0   0   0   0   0
;

