CPLEX 12.9.0.0: optimal solution; objective 21.19894302
1494 dual simplex iterations (9 in phase I)

"option abs_boundtol 1.1102230246251565e-16;"
or "option rel_boundtol 1.1102230246251565e-16;"
will change deduced dual values.

x [*,*] (tr)
:        1          2          3          4          5          6        :=
1     0          0          0          0          0          0
2     0          0          0.441812   0          0          0
3     0          0          0          1          0          0
4     0          0.350738   0          0          0          0
5     0          0          0          0          0          0
6     0          0          0          0          0          0
7     0          0          1          0          0          0
8     0          0          0          0          0          0
9     0          0          0          0          0          0
10    0          0          0          0          0          0
11    0          0          0          0          0          0
12    0          0          1          0          0          0
13    0          0.534533   0.337309   0.128158   0          0
14    0          0          0          0          0          0
15    0          0          0          0          0          0
16    0          0          0          0          0          0
17    0          1          0          0          0          0
18    0          0          0          0          0          0
19    0          0          0          0          0          0
20    0          0          0          0          0          0
21    0          0          0          0          0          0
22    0          0          0          0          0          0
23    0          0          0          0          0          0
24    0          0          0          0          0          0
25    0          0          0          0          0          0
26    0          0          0          0          0          0
27    0          0          0          0          0          0
28    0          0          0          1          0          0
29    0          0          0          0          0          0
30    1          0          0          0          0          0
31    0          0          0          0          0          0
32    0          0          0          0          0          0
33    0          0          0          0          0          0
34    0          0          0          0          0          0
35    0          0          0          0          0          0
36    0          0          0          0          0          0
37    0          0          0          0          0          0
38    0          1          0          0          0          0
39    0          0          0          0          0          0
40    0          0          0          0          0          0
41    0          0          0          0          0          0
42    0          0          0          0          0          1
43    0          1          0          0          0          0
44    0          0          0          0          1          0
45    0          0          0          0          0          0
46    0          0          0          0          0          0
47    0          0          0          0          0          0
48    0          0          0          0          0          0
49    0          0          0          0          0          0
50    0          0          0          0          1          0
51    0          0          0          0          0          0
52    0          0          0          0          0          0
53    0          0          0          0          0          0
54    0          0          0          0          0          0
55    0          0          0          0          0          0
56    0          0          0.184343   0          0          0
57    0          0          0          0          0          0
58    0          0          0          0          0          0
59    0          0          0          0          0          0
60    0          0          0          0          0          0
61    0          0          0          0          0          0
62    0          0          0          0          0          0.739986
63    0          0          0          0          0          0
64    0          0          0          0          0          0
65    0          0          0          0          0          0
66    0          0          0          0          0          0
67    0          0          0          0          0          0
68    0.493141   0          0          0          0          0
69    0          0          0          0          0          0
70    0          0          0          0          0          0
71    0          0          0          0          0          0.925792
72    0          0          0          0          0          0
73    0          0          0          0          0          0
74    0          0          0          0          0          0
75    0          0          0          0          0          0
76    0          0          0          0          0          0
77    0          0          0          0          0          0
78    0          0          1          0          0          0
79    0          0          0          0          0          0.785799
80    0          0          0          0          0          0
81    0          0          0          0          0          0
82    0          0          0          0          0          0
83    0          0          0          0          0          0
84    0.497002   0          0          0.502998   0          0
85    0          0          0          0          0.338276   0
86    0          0          0          0          0          0
87    0          0.849017   0          0.150983   0          0
88    0          0          0          1          0          0
89    0          0          0          0          0          0
90    0          0          0          0          0          0
91    0          0          0          0          0          0
92    0          0          0          0          0          0
93    0          0          1          0          0          0
94    0          0          0          0          0          0
95    0          0          0          0          0          0
96    0          0          0          0          0          0
97    0          0          0          0          0          0
98    0          0          0          0          0          0
99    0          0          0          0          0          0
100   0          0          0          0          0          0

:        7          8          9        :=
1     0          0          0
2     0          0.558188   0
3     0          0          0
4     0          0          0.649262
5     0          0          0
6     0          0          0
7     0          0          0
8     0          0          0
9     0          0          0
10    0          0          0
11    0          0          0
12    0          0          0
13    0          0          0
14    0          0          0
15    0          0          0
16    0          0          0
17    0          0          0
18    0          0          0
19    0          0          0
20    0          0          0
21    0          0          0
22    0          0          1
23    0          0          1
24    0          0          0
25    0.567627   0          0
26    0          0          0
27    0          0          0
28    0          0          0
29    0          0          0
30    0          0          0
31    0          0          0
32    0          0          0
33    0          0          0
34    0          0          0
35    0          0          0
36    0          0          0
37    0          0          0
38    0          0          0
39    0          0          0
40    0          0          0
41    0          0          0
42    0          0          0
43    0          0          0
44    0          0          0
45    0          0          0
46    0          0          0
47    0          0          0
48    0          0          0
49    0          0          0
50    0          0          0
51    0          0          0
52    0          0          0
53    0          0          0
54    0          0          0
55    0          0          0
56    0.815657   0          0
57    0          0          0
58    0          0          0
59    0          0          0
60    0          0          0
61    0          0          0
62    0          0.260014   0
63    0          0          0
64    1          0          0
65    0          0          0
66    0          0          0
67    0.698906   0          0.301094
68    0.506859   0          0
69    0          0          0
70    0.236635   0.763365   0
71    0          0          0.074208
72    0          0          0
73    0          0          0
74    0          0          0
75    0          0          0
76    0          0          0
77    0          0          0
78    0          0          0
79    0          0          0.214201
80    0          0          0
81    0          0          0
82    0          0          0
83    0          0          0
84    0          0          0
85    0          0          0
86    0          0          0
87    0          0          0
88    0          0          0
89    0          0          0
90    0          0          0
91    0.890905   0.109095   0
92    0          0          0
93    0          0          0
94    0          0          0
95    0          0          0
96    0          0          0
97    0          0          0
98    0          0          0
99    0          0          0
100   0          0          0
;

y [*,*] (tr)
:        1          2       3      4          5       6      7          8    :=
1     0          0          0   0          0          0   0          0
2     1          0          0   0          0          0   0          0
3     0          0          0   1          0          0   0          0
4     0          0          0   0          1          0   0          0
5     0          0          0   0          0          0   0          0
6     0          0          0   0          0          0   0          0
7     0          0          1   0          0          0   0          0
8     0          0          0   0          0          0   0          0
9     0          0          0   0          0          0   0          0
10    0          0          0   0          0          0   0          0
11    0          0          0   0          0          0   0          0
12    0          0          0   0          0          0   1          0
13    0          0.871842   0   0          0.128158   0   0          0
14    0          0          0   0          0          0   0          0
15    0          0          0   0          0          0   0          0
16    0          0          0   0          0          0   0          0
17    0          0          0   0          0          0   0          1
18    0          0          0   0          0          0   0          0
19    0          0          0   0          0          0   0          0
20    0          0          0   0          0          0   0          0
21    0          0          0   0          0          0   0          0
22    0          0          0   0          0          1   0          0
23    0          0          0   0          0          1   0          0
24    0          0          0   0          0          0   0          0
25    0          0          0   0          0          0   0.567627   0
26    0          0          0   0          0          0   0          0
27    0          0          0   0          0          0   0          0
28    0          0          0   1          0          0   0          0
29    0          0          0   0          0          0   0          0
30    1          0          0   0          0          0   0          0
31    0          0          0   0          0          0   0          0
32    0          0          0   0          0          0   0          0
33    0          0          0   0          0          0   0          0
34    0          0          0   0          0          0   0          0
35    0          0          0   0          0          0   0          0
36    0          0          0   0          0          0   0          0
37    0          0          0   0          0          0   0          0
38    0          0          0   0          0          0   1          0
39    0          0          0   0          0          0   0          0
40    0          0          0   0          0          0   0          0
41    0          0          0   0          0          0   0          0
42    0          0          0   0          0          0   0          1
43    0          0          1   0          0          0   0          0
44    1          0          0   0          0          0   0          0
45    0          0          0   0          0          0   0          0
46    0          0          0   0          0          0   0          0
47    0          0          0   0          0          0   0          0
48    0          0          0   0          0          0   0          0
49    0          0          0   0          0          0   0          0
50    1          0          0   0          0          0   0          0
51    0          0          0   0          0          0   0          0
52    0          0          0   0          0          0   0          0
53    0          0          0   0          0          0   0          0
54    0          0          0   0          0          0   0          0
55    0          0          0   0          0          0   0          0
56    0.815657   0.184343   0   0          0          0   0          0
57    0          0          0   0          0          0   0          0
58    0          0          0   0          0          0   0          0
59    0          0          0   0          0          0   0          0
60    0          0          0   0          0          0   0          0
61    0          0          0   0          0          0   0          0
62    0          0          0   0          0.739986   0   0          0.260014
63    0          0          0   0          0          0   0          0
64    0          0          0   0          0          0   1          0
65    0          0          0   0          0          0   0          0
66    0          0          0   0          0          0   0          0
67    0          0          0   0.301094   0          0   0.698906   0
68    1          0          0   0          0          0   0          0
69    0          0          0   0          0          0   0          0
70    0          0          0   0          0          0   0.236635   0.763365
71    0          0          0   0          0          1   0          0
72    0          0          0   0          0          0   0          0
73    0          0          0   0          0          0   0          0
74    0          0          0   0          0          0   0          0
75    0          0          0   0          0          0   0          0
76    0          0          0   0          0          0   0          0
77    0          0          0   0          0          0   0          0
78    0          0          0   0          0          0   0          1
79    0          0          1   0          0          0   0          0
80    0          0          0   0          0          0   0          0
81    0          0          0   0          0          0   0          0
82    0          0          0   0          0          0   0          0
83    0          0          0   0          0          0   0          0
84    0.497002   0          0   0.502998   0          0   0          0
85    0          0          0   0          0          0   0.338276   0
86    0          0          0   0          0          0   0          0
87    0          0          0   0          1          0   0          0
88    0          0          0   1          0          0   0          0
89    0          0          0   0          0          0   0          0
90    0          0          0   0          0          0   0          0
91    0          0          0   0          0          0   0.890905   0.109095
92    0          0          0   0          0          0   0          0
93    0          0          1   0          0          0   0          0
94    0          0          0   0          0          0   0          0
95    0          0          0   0          0          0   0          0
96    0          0          0   0          0          0   0          0
97    0          0          0   0          0          0   0          0
98    0          0          0   0          0          0   0          0
99    0          0          0   0          0          0   0          0
100   0          0          0   0          0          0   0          0

:     9    :=
1     0
2     0
3     0
4     0
5     0
6     0
7     0
8     0
9     0
10    0
11    0
12    0
13    0
14    0
15    0
16    0
17    0
18    0
19    0
20    0
21    0
22    0
23    0
24    0
25    0
26    0
27    0
28    0
29    0
30    0
31    0
32    0
33    0
34    0
35    0
36    0
37    0
38    0
39    0
40    0
41    0
42    0
43    0
44    0
45    0
46    0
47    0
48    0
49    0
50    0
51    0
52    0
53    0
54    0
55    0
56    0
57    0
58    0
59    0
60    0
61    0
62    0
63    0
64    0
65    0
66    0
67    0
68    0
69    0
70    0
71    0
72    0
73    0
74    0
75    0
76    0
77    0
78    0
79    0
80    0
81    0
82    0
83    0
84    0
85    0
86    0
87    0
88    0
89    0
90    0
91    0
92    0
93    0
94    0
95    0
96    0
97    0
98    0
99    0
100   0
;

u [*,*]
:        1          2          3       4      5       6      7          8    :=
1     0          0          0          0   0          0   0          0
2     1          1          0.558188   0   0          0   0          0
3     0          0          0          0   0          0   0          0
4     0          0          0          0   0          0   0          0.350738
5     0          0          0          0   0          0   0          0
6     0          0          0          0   0          0   0          0
7     0          0          0          0   0          0   0          0
8     0          0          0          0   0          0   0          0
9     0          0          0          0   0          0   0          0
10    0          0          0          0   0          0   0          0
11    0          0          0          0   0          0   0          0
12    0          0          0          0   0          0   0          0
13    0          0          0          0   0          0   0          0
14    0          0          0          0   0          0   0          0
15    0          0          0          0   0          0   0          0
16    0          0          0          0   0          0   0          0
17    0          0          3.82809    0   0          0   1          1
18    0          0          0          0   0          0   0          0
19    0          0          0          0   0          0   0          0
20    0          0          0          0   0          0   0          0
21    0          0          0          0   0          0   0          0
22    0          0          0          0   0          0   0          0
23    0          0          0          0   0          0   0          0
24    0          0          0          0   0          0   0          0
25    0          0          0          0   0          0   0          0
26    0          0          0          0   0          0   0          0
27    0          0          0          0   0          0   0          0
28    0          0          0          0   0          0   0          0
29    0          0          0          0   0          0   0          0
30    0          0          0          0   0          0   0          0
31    0          0          0          0   0          0   0          0
32    0          0          0          0   0          0   0          0
33    0          0          0          0   0          0   0          0
34    0          0          0          0   0          0   0          0
35    0          0          0          0   0          0   0          0
36    0          0          0          0   0          0   0          0
37    0          0          0          0   0          0   0          0
38    0          0          2.09711    0   1.11868    0   1          1
39    0          0          0          0   0          0   0          0
40    0          0          0          0   0          0   0          0
41    0          0          0          0   0          0   0          0
42    0          0          0          0   0          0   0          0
43    0          0          0          0   0          0   0          0
44    0          0          0          0   0          0   0          0
45    0          0          0          0   0          0   0          0
46    0          0          0          0   0          0   0          0
47    0          0          0          0   0          0   0          0
48    0          0          0          0   0          0   0          0
49    0          0          0          0   0          0   0          0
50    1          1          4.3254     0   0          0   1          0
51    0          0          0          0   0          0   0          0
52    0          0          0          0   0          0   0          0
53    0          0          0          0   0          0   0          0
54    0          0          0          0   0          0   0          0
55    0          0          0          0   0          0   0          0
56    0.815657   0.815657   0          0   0          0   0          0
57    0          0          0          0   0          0   0          0
58    0          0          0          0   0          0   0          0
59    0          0          0          0   0          0   0          0
60    0          0          0          0   0          0   0          0
61    0          0          0          0   0          0   0          0
62    0          0          0          0   0          0   0          0
63    0          0          0          0   0          0   0          0
64    0          0          2.36531    0   0          0   0          0
65    0          0          0          0   0          0   0          0
66    0          0          0          0   0          0   0          0
67    0          0          0          0   0.301094   0   0          0
68    0.506859   0.506859   5.93106    0   0          0   0          0
69    0          0          0          0   0          0   0          0
70    0          0          0          0   0          0   0          0
71    0          0          0          0   0          0   0          0
72    0          0          0          0   0          0   0          0
73    0          0          0          0   0          0   0          0
74    0          0          0          0   0          0   0          0
75    0          0          0          0   0          0   0          0
76    0          0          0          0   0          0   0          0
77    0          0          0          0   0          0   0          0
78    0          0          0          0   4.76232    0   1          1
79    0          0          0          0   0          0   0          0
80    0          0          0          0   0          0   0          0
81    0          0          0          0   0          0   0          0
82    0          0          0          0   0          0   0          0
83    0          0          0          0   0          0   0          0
84    0          0          0          0   0          0   0          0
85    0          0          0.338276   0   0          0   0.338276   0
86    0          0          0          0   0          0   0          0
87    0          0          0          0   0          0   0          0.849017
88    0          0          0          0   0          0   0          0
89    0          0          0          0   0          0   0          0
90    0          0          0          0   0          0   0          0
91    0          0          0          0   0          0   0          0
92    0          0          0          0   0          0   0          0
93    0          0          0          0   0          0   0          0
94    0          0          0          0   0          0   0          0
95    0          0          0          0   0          0   0          0
96    0          0          0          0   0          0   0          0
97    0          0          0          0   0          0   0          0
98    0          0          0          0   0          0   0          0
99    0          0          0          0   0          0   0          0
100   0          0          0          0   0          0   0          0

:        9      10      11     12  13      14         15         16       :=
1     0          0   0          0   0   0          0          0
2     0          0   0          0   0   0          0.441812   0
3     0          0   0          0   0   0          0          0
4     0          0   0.649262   0   0   0          0          0.649262
5     0          0   0          0   0   0          0          0
6     0          0   0          0   0   0          0          0
7     0          0   0          0   0   0          0          0
8     0          0   0          0   0   0          0          0
9     0          0   0          0   0   0          0          0
10    0          0   0          0   0   0          0          0
11    0          0   0          0   0   0          0          0
12    0          0   0          0   0   0          1          0
13    4.41245    0   0          0   0   4.07514    0          0
14    0          0   0          0   0   0          0          0
15    0          0   0          0   0   0          0          0
16    0          0   0          0   0   0          0          0
17    0          0   0          0   0   0          0          0
18    0          0   0          0   0   0          0          0
19    0          0   0          0   0   0          0          0
20    0          0   0          0   0   0          0          0
21    0          0   0          0   0   0          0          0
22    0          0   1          0   0   0          0          0
23    0          0   1          0   0   0          0          0
24    0          0   0          0   0   0          0          0
25    0          0   0          0   0   0          0          0
26    0          0   0          0   0   0          0          0
27    0          0   0          0   0   0          0          0
28    0          0   0          0   0   0          0          0
29    0          0   0          0   0   0          0          0
30    0          0   0          0   0   0          0          0
31    0          0   0          0   0   0          0          0
32    0          0   0          0   0   0          0          0
33    0          0   0          0   0   0          0          0
34    0          0   0          0   0   0          0          0
35    0          0   0          0   0   0          0          0
36    0          0   0          0   0   0          0          0
37    0          0   0          0   0   0          0          0
38    0          0   0          0   0   0          0          0
39    0          0   0          0   0   0          0          0
40    0          0   0          0   0   0          0          0
41    0          0   0          0   0   0          0          0
42    0          1   0          0   0   0          1          0
43    0          0   0          0   0   1          0          0
44    0          0   0          1   0   0          0          0
45    0          0   0          0   0   0          0          0
46    0          0   0          0   0   0          0          0
47    0          0   0          0   0   0          0          0
48    0          0   0          0   0   0          0          0
49    0          0   0          0   0   0          0          0
50    0          0   0          0   0   0          0          0
51    0          0   0          0   0   0          0          0
52    0          0   0          0   0   0          0          0
53    0          0   0          0   0   0          0          0
54    0          0   0          0   0   0          0          0
55    0          0   0          0   0   0          0          0
56    2.68332    0   0          0   0   2.49898    0          0
57    0          0   0          0   0   0          0          0
58    0          0   0          0   0   0          0          0
59    0          0   0          0   0   0          0          0
60    0          0   0          0   0   0          0          0
61    0          0   0          0   0   0          0          0
62    0          0   0          0   0   0          0          0.739986
63    0          0   0          0   0   0          0          0
64    0          0   0          0   0   0          0          0
65    0          0   0          0   0   0          0          0
66    0          0   0          0   0   0          0          0
67    0.922494   0   0.301094   0   0   0.922494   0          0.301094
68    0          0   0          0   0   0          0          0
69    0          0   0          0   0   0          0          0
70    0          0   0          0   0   0          0          0
71    0          0   0.074208   0   0   0          0          0
72    0          0   0          0   0   0          0          0
73    0          0   0          0   0   0          0          0
74    0          0   0          0   0   0          0          0
75    0          0   0          0   0   0          0          0
76    0          0   0          0   0   0          0          0
77    0          0   0          0   0   0          0          0
78    1.34628    0   0          0   0   0.346277   0          0
79    0          1   0.214201   0   0   0          0          0
80    0          0   0          0   0   0          0          0
81    0          0   0          0   0   0          0          0
82    0          0   0          0   0   0          0          0
83    0          0   0          0   0   0          0          0
84    0          0   0          0   0   0          0          0
85    0          0   0          0   0   0          0          0
86    0          0   0          0   0   0          0          0
87    1.3852     0   0          0   0   1.3852     0          0
88    0          0   0          0   0   0          0          0
89    0          0   0          0   0   0          0          0
90    0          0   0          0   0   0          0          0
91    0          0   0          0   0   0          0          0
92    0          0   0          0   0   0          0          0
93    0          0   0          0   0   0          0          0
94    0          0   0          0   0   0          0          0
95    0          0   0          0   0   0          0          0
96    0          0   0          0   0   0          0          0
97    0          0   0          0   0   0          0          0
98    0          0   0          0   0   0          0          0
99    0          0   0          0   0   0          0          0
100   0          0   0          0   0   0          0          0

:       17         18       :=
1     0         0
2     0         0
3     0         0
4     0         0
5     0         0
6     0         0
7     0         0
8     0         0
9     0         0
10    0         0
11    0         0
12    0         0
13    0         0.128158
14    0         0
15    0         0
16    0         0
17    3.82809   0
18    0         0
19    0         0
20    0         0
21    0         0
22    0         0
23    0         0
24    0         0
25    0         0
26    0         0
27    0         0
28    0         0
29    0         0
30    0         0
31    0         0
32    0         0
33    0         0
34    0         0
35    0         0
36    0         0
37    0         0
38    1.09711   1.11868
39    0         0
40    0         0
41    0         0
42    1         0
43    0         0
44    0         0
45    0         0
46    0         0
47    0         0
48    0         0
49    0         0
50    3.3254    0
51    0         0
52    0         0
53    0         0
54    0         0
55    0         0
56    0         0
57    0         0
58    0         0
59    0         0
60    0         0
61    0         0
62    0         0
63    0         0
64    2.36531   0
65    0         0
66    0         0
67    0         0
68    5.93106   0
69    0         0
70    0         0
71    0         0
72    0         0
73    0         0
74    0         0
75    0         0
76    0         0
77    0         0
78    0         4.76232
79    0         0
80    0         0
81    0         0
82    0         0
83    0         0
84    0         0
85    0         0
86    0         0
87    0         0.150983
88    0         0
89    0         0
90    0         0
91    0         0
92    0         0
93    0         0
94    0         0
95    0         0
96    0         0
97    0         0
98    0         0
99    0         0
100   0         0
;

