CPLEX 12.9.0.0: optimal solution; objective 20.96596795
380 dual simplex iterations (9 in phase I)
x [*,*] (tr)
:         1           2          3           4          5          6        :=
1     0            0          0          0           0          0
2     1            0          0          0           0          0
3     0            0          0          0           0          0
4     0            0          0          0           0          0
5     0            0          0.234583   0.765417    0          0
6     0.865191     0          0          0.134809    0          0
7     0            0          0          0           0          0
8     0            0          0          0           0          0
9     0            0          0          0           0          0
10    0            0          0          0           0          0
11    0            0          0          0           0          0
12    0            0          0          1           0          0
13    0            0          0          0           0          0
14    0            0          0          0           0          0
15    0            0          0          0           0          0
16    0            0          0          0           0          0.261866
17    0            0          0          0           1          0
18    0            0          0          0           0          0
19    0            0          0          0           0          0
20    0            0          0.985643   0           0          0
21    0            0          0          0           0          0
22    0            0          0          0           0          0
23    0            0          0          0           0          0
24    0            0          0          0           0          0
25    0            0          0          0           0          0
26    0            0          0          0           0          0
27    0            0          0          0           0          0
28    0            0          0          0           0          0
29    0            0          0          0           0          0
30    0            0          0          0           0          0
31    0            0          0          0           0          0
32    0            0          0          0           0          0
33    0            0          0          0           0          0
34    0            0          0          0           0          0
35    0            0          0          0           0          0
36    0            0          0          0.0215905   0.761104   0
37    0            0          0          0           0          0
38    0            0          0          0           0          0
39    0            0          0          0           0          0
40    0            0          0          0           0          0
41    0            0          0          0           0          0
42    0            0          0          0.426713    0          0
43    0            0          0          0           0          0
44    0            0          0          0           0          0
45    0            0          0          0           0          0
46    0            0          0          0           0          0
47    0            0          1          0           0          0
48    0            0          0          0           0          0
49    0            0          0          0           0          1
50    0            0          0          0           0          0
51    0            0          0          0           0          0
52    0            0.465081   0.351964   0           0          0
53    0            0          0          0           0          0
54    0            0          0          0           0          0
55    0            0          0          0           0          0
56    0            0          0          0           0          0
57    0            0          0          0           0          0
58    0            0          0          0           0.046926   0
59    0            0          0          0           0          0
60    0            1          0          0           0          0
61    0            0          0          0           0          0
62    0            0          0          0           0          0
63    0            0          0          0           0          0
64    0            0          0          0           0          0
65    0            0          0          0           1          0
66    0            0          0          0           0          0
67    0            0          0          0           0          0
68    0            0          0          0           0          0
69    0            0          0          0           0          0
70    0            0          0          0           0          0
71    0            0          0          0           0          0
72    0            0          0          0           0          0
73    0            0          0          0           0          0
74    0            0          0          0           0          0
75    0            0          0          0           0          0
76    0            0          0          0           0          0
77    1            0          0          0           0          0
78    0            0          0          0           0          0
79    0            0          1          0           0          0
80    0            0          0          0           0          0
81    0            0          0          0           0          0
82    0            0          0          0           0          0
83    0            0          0          0           0          0
84    0            0          0          0           0          0
85    0            0          0          0           0          0
86    0            0          0          0           0          0
87    0            0          0          0           0          0
88    0            0          0          0           0          1
89    0            0          0          0           1          0
90    0            0          0          0           0          0
91    0            0          0          0           0          0.454767
92    0            0          0          0           0          0
93    0            0          0          0           0          0
94    0            0          0          0           0          0
95    0            0          0          0           0          0
96    0.00419579   0          0          0           0          0
97    0            0          0          0           0          0
98    0            0          0          0           0          0
99    0            0          0          0           0          0
100   0            0          0          0           0          0

:        7           8          9        :=
1     0          0           0
2     0          0           0
3     0          0           0
4     0          0           0
5     0          0           0
6     0          0           0
7     0          0           0
8     0          0           0
9     0          0           0
10    0          0           0
11    0          1           0
12    0          0           0
13    0          0           0
14    0          0           0
15    0          0           0
16    0          0           0.738134
17    0          0           0
18    0          0           0
19    0          0           0
20    0          0           0
21    0          0           0
22    1          0           0
23    0          1           0
24    0          0           0
25    0          0           0
26    0          0           0
27    0          0           0
28    0          0           0
29    0          0           1
30    0          1           0
31    0          0           0
32    0          0           0
33    0          0           0
34    0          0           0
35    0          0           0
36    0.217306   0           0
37    0          0           0
38    0.324878   0.675122    0
39    0          0           0
40    0          0           0
41    0          0           0
42    0          0.0886958   0
43    0          0           0
44    0          0           0
45    0          0           0
46    0          0           0
47    0          0           0
48    0          0           0
49    0          0           0
50    0          0           0
51    0          0           0
52    0          0           0.182955
53    0          0           0
54    0          0           1
55    0          0           0
56    0          0           0
57    0          0           0
58    0.953074   0           0
59    0          0           0
60    0          0           0
61    0          0           0
62    0          0           0
63    0          0           0
64    0          0           0
65    0          0           0
66    0          0           0
67    0          0           0
68    0          0           0
69    0          0           0
70    0          0           0
71    0          0           0
72    0          0           0
73    0          0           0
74    0          1           0
75    0          0           0
76    0          0           0
77    0          0           0
78    0          0           0
79    0          0           0
80    0          0           0
81    0          0           0
82    1          0           0
83    0          0           0
84    0          0           0
85    0          0           0
86    0          0           0
87    0          0           0
88    0          0           0
89    0          0           0
90    0          0           0
91    0          0           0
92    0          0           0
93    0          0           0
94    0          0           0
95    0          0           0
96    0          0           0
97    0          0           0
98    0          0           0
99    0          0           0
100   0          0           0
;

y [*,*] (tr)
:         1           2          3          4          5          6       7   8 :=
1     0            0          0          0          0          0          0   0
2     1            0          0          0          0          0          0   0
3     0            0          0          0          0          0          0   0
4     0            0          0          0          0          0          0   0
5     0            0.234583   0          0          0.765417   0          0   0
6     0.865191     0          0          0.134809   0          0          0   0
7     0            0          0          0          0          0          0   0
8     0            0          0          0          0          0          0   0
9     0            0          0          0          0          0          0   0
10    0            0          0          0          0          0          0   0
11    0            0          0          0          1          0          0   0
12    0            0          0          0          0          0          1   0
13    0            0          0          0          0          0          0   0
14    0            0          0          0          0          0          0   0
15    0            0          0          0          0          0          0   0
16    0            0          0          0          0          0.261866   0   0
17    1            0          0          0          0          0          0   0
18    0            0          0          0          0          0          0   0
19    0            0          0          0          0          0          0   0
20    0            0          0.985643   0          0          0          0   0
21    0            0          0          0          0          0          0   0
22    0            0          0          0          0          0          0   1
23    0            0          0          0          0          0          0   1
24    0            0          0          0          0          0          0   0
25    0            0          0          0          0          0          0   0
26    0            0          0          0          0          0          0   0
27    0            0          0          0          0          0          0   0
28    0            0          0          0          0          0          0   0
29    0            0          0          0          0          0          0   0
30    0            0          0          0          0          0          1   0
31    0            0          0          0          0          0          0   0
32    0            0          0          0          0          0          0   0
33    0            0          0          0          0          0          0   0
34    0            0          0          0          0          0          0   0
35    0            0          0          0          0          0          0   0
36    0            0          0          1          0          0          0   0
37    0            0          0          0          0          0          0   0
38    0            0          0          1          0          0          0   0
39    0            0          0          0          0          0          0   0
40    0            0          0          0          0          0          0   0
41    0            0          0          0          0          0          0   0
42    0            0          0          0.515409   0          0          0   0
43    0            0          0          0          0          0          0   0
44    0            0          0          0          0          0          0   0
45    0            0          0          0          0          0          0   0
46    0            0          0          0          0          0          0   0
47    0            0          1          0          0          0          0   0
48    0            0          0          0          0          0          0   0
49    0            0          0          0          0          1          0   0
50    0            0          0          0          0          0          0   0
51    0            0          0          0          0          0          0   0
52    0            1          0          0          0          0          0   0
53    0            0          0          0          0          0          0   0
54    0            0          0          0          0          1          0   0
55    0            0          0          0          0          0          0   0
56    0            0          0          0          0          0          0   0
57    0            0          0          0          0          0          0   0
58    0            0          0          1          0          0          0   0
59    0            0          0          0          0          0          0   0
60    0            1          0          0          0          0          0   0
61    0            0          0          0          0          0          0   0
62    0            0          0          0          0          0          0   0
63    0            0          0          0          0          0          0   0
64    0            0          0          0          0          0          0   0
65    1            0          0          0          0          0          0   0
66    0            0          0          0          0          0          0   0
67    0            0          0          0          0          0          0   0
68    0            0          0          0          0          0          0   0
69    0            0          0          0          0          0          0   0
70    0            0          0          0          0          0          0   0
71    0            0          0          0          0          0          0   0
72    0            0          0          0          0          0          0   0
73    0            0          0          0          0          0          0   0
74    0            0          0          1          0          0          0   0
75    0            0          0          0          0          0          0   0
76    0            0          0          0          0          0          0   0
77    1            0          0          0          0          0          0   0
78    0            0          0          0          0          0          0   0
79    0            0          1          0          0          0          0   0
80    0            0          0          0          0          0          0   0
81    0            0          0          0          0          0          0   0
82    0            0          0          1          0          0          0   0
83    0            0          0          0          0          0          0   0
84    0            0          0          0          0          0          0   0
85    0            0          0          0          0          0          0   0
86    0            0          0          0          0          0          0   0
87    0            0          0          0          0          0          0   0
88    0            0          0          0          0          1          0   0
89    0            0          0          0          1          0          0   0
90    0            0          0          0          0          0          0   0
91    0            0          0          0          0          0.454767   0   0
92    0            0          0          0          0          0          0   0
93    0            0          0          0          0          0          0   0
94    0            0          0          0          0          0          0   0
95    0            0          0          0          0          0          0   0
96    0.00419579   0          0          0          0          0          0   0
97    0            0          0          0          0          0          0   0
98    0            0          0          0          0          0          0   0
99    0            0          0          0          0          0          0   0
100   0            0          0          0          0          0          0   0

:        9        :=
1     0
2     0
3     0
4     0
5     0
6     0
7     0
8     0
9     0
10    0
11    0
12    0
13    0
14    0
15    0
16    0.738134
17    0
18    0
19    0
20    0
21    0
22    0
23    0
24    0
25    0
26    0
27    0
28    0
29    1
30    0
31    0
32    0
33    0
34    0
35    0
36    0
37    0
38    0
39    0
40    0
41    0
42    0
43    0
44    0
45    0
46    0
47    0
48    0
49    0
50    0
51    0
52    0
53    0
54    0
55    0
56    0
57    0
58    0
59    0
60    0
61    0
62    0
63    0
64    0
65    0
66    0
67    0
68    0
69    0
70    0
71    0
72    0
73    0
74    0
75    0
76    0
77    0
78    0
79    0
80    0
81    0
82    0
83    0
84    0
85    0
86    0
87    0
88    0
89    0
90    0
91    0
92    0
93    0
94    0
95    0
96    0
97    0
98    0
99    0
100   0
;

u [*,*]
:     1       2           3       4      5       6   7   8      9        :=
1     0   0           0           0   0          0   0   0   0
2     0   0           0           0   0          0   0   0   0
3     0   0           0           0   0          0   0   0   0
4     0   0           0           0   0          0   0   0   0
5     0   0           0           0   0          0   0   0   0.234583
6     0   0           0           0   0          0   0   0   0
7     0   0           0           0   0          0   0   0   0
8     0   0           0           0   0          0   0   0   0
9     0   0           0           0   0          0   0   0   0
10    0   0           0           0   0          0   0   0   0
11    0   1           1           0   0          0   0   0   0
12    0   0           1           0   0          0   1   0   0
13    0   0           0           0   0          0   0   0   0
14    0   0           0           0   0          0   0   0   0
15    0   0           0           0   0          0   0   0   0
16    0   0           0           0   0          0   0   0   0
17    1   0           0           0   1          0   0   0   0
18    0   0           0           0   0          0   0   0   0
19    0   0           0           0   0          0   0   0   0
20    0   0           0           0   0          0   0   0   0
21    0   0           0           0   0          0   0   0   0
22    0   0           0           0   0          0   0   0   0
23    0   0           0           0   0          0   0   0   0
24    0   0           0           0   0          0   0   0   0
25    0   0           0           0   0          0   0   0   0
26    0   0           0           0   0          0   0   0   0
27    0   0           0           0   0          0   0   0   0
28    0   0           0           0   0          0   0   0   0
29    0   0           0           0   0          0   0   0   0
30    0   0           1           0   0          0   0   0   0
31    0   0           0           0   0          0   0   0   0
32    0   0           0           0   0          0   0   0   0
33    0   0           0           0   0          0   0   0   0
34    0   0           0           0   0          0   0   0   0
35    0   0           0           0   0          0   0   0   0
36    0   0.217306    0           0   0.761104   0   0   0   0
37    0   0           0           0   0          0   0   0   0
38    0   1           0.675122    0   0          0   0   0   0
39    0   0           0           0   0          0   0   0   0
40    0   0           0           0   0          0   0   0   0
41    0   0           0           0   0          0   0   0   0
42    0   0.0886958   0.0886958   0   0          0   0   0   0
43    0   0           0           0   0          0   0   0   0
44    0   0           0           0   0          0   0   0   0
45    0   0           0           0   0          0   0   0   0
46    0   0           0           0   0          0   0   0   0
47    0   0           0           0   0          0   0   0   0
48    0   0           0           0   0          0   0   0   0
49    0   0           0           0   0          0   0   0   0
50    0   0           0           0   0          0   0   0   0
51    0   0           0           0   0          0   0   0   0
52    0   0           0           0   0          0   0   0   0.534919
53    0   0           0           0   0          0   0   0   0
54    0   0           0           0   0          0   0   0   0
55    0   0           0           0   0          0   0   0   0
56    0   0           0           0   0          0   0   0   0
57    0   0           0           0   0          0   0   0   0
58    0   0.953074    0           0   0.046926   0   0   0   0
59    0   0           0           0   0          0   0   0   0
60    0   0           0           0   0          0   0   0   0
61    0   0           0           0   0          0   0   0   0
62    0   0           0           0   0          0   0   0   0
63    0   0           0           0   0          0   0   0   0
64    0   0           0           0   0          0   0   0   0
65    1   0           0           0   1          0   0   0   0
66    0   0           0           0   0          0   0   0   0
67    0   0           0           0   0          0   0   0   0
68    0   0           0           0   0          0   0   0   0
69    0   0           0           0   0          0   0   0   0
70    0   0           0           0   0          0   0   0   0
71    0   0           0           0   0          0   0   0   0
72    0   0           0           0   0          0   0   0   0
73    0   0           0           0   0          0   0   0   0
74    0   1           1           0   0          0   0   0   0
75    0   0           0           0   0          0   0   0   0
76    0   0           0           0   0          0   0   0   0
77    0   0           0           0   0          0   0   0   0
78    0   0           0           0   0          0   0   0   0
79    0   0           0           0   0          0   0   0   0
80    0   0           0           0   0          0   0   0   0
81    0   0           0           0   0          0   0   0   0
82    0   1           0           0   0          0   0   0   0
83    0   0           0           0   0          0   0   0   0
84    0   0           0           0   0          0   0   0   0
85    0   0           0           0   0          0   0   0   0
86    0   0           0           0   0          0   0   0   0
87    0   0           0           0   0          0   0   0   0
88    0   0           0           0   0          0   0   0   0
89    0   0           0           0   0          0   0   0   0
90    0   0           0           0   0          0   0   0   0
91    0   0           0           0   0          0   0   0   0
92    0   0           0           0   0          0   0   0   0
93    0   0           0           0   0          0   0   0   0
94    0   0           0           0   0          0   0   0   0
95    0   0           0           0   0          0   0   0   0
96    0   0           0           0   0          0   0   0   0
97    0   0           0           0   0          0   0   0   0
98    0   0           0           0   0          0   0   0   0
99    0   0           0           0   0          0   0   0   0
100   0   0           0           0   0          0   0   0   0

:        10         11     12  13  14  15  16  17      18       :=
1     0          0          0   0   0   0   0   0   0
2     0          0          0   0   0   0   0   0   0
3     0          0          0   0   0   0   0   0   0
4     0          0          0   0   0   0   0   0   0
5     0          0          0   0   0   0   0   0   0.765417
6     0          0          0   0   0   0   0   0   0
7     0          0          0   0   0   0   0   0   0
8     0          0          0   0   0   0   0   0   0
9     0          0          0   0   0   0   0   0   0
10    0          0          0   0   0   0   0   0   0
11    0          0          0   0   0   0   0   0   1
12    0          0          0   0   0   0   0   0   1
13    0          0          0   0   0   0   0   0   0
14    0          0          0   0   0   0   0   0   0
15    0          0          0   0   0   0   0   0   0
16    0          0          0   0   0   0   0   0   0
17    0          0          0   0   0   0   0   0   0
18    0          0          0   0   0   0   0   0   0
19    0          0          0   0   0   0   0   0   0
20    0          0          0   0   0   0   0   0   0
21    0          0          0   0   0   0   0   0   0
22    0          0          0   0   0   0   0   1   0
23    0          0          0   0   0   0   0   0   0
24    0          0          0   0   0   0   0   0   0
25    0          0          0   0   0   0   0   0   0
26    0          0          0   0   0   0   0   0   0
27    0          0          0   0   0   0   0   0   0
28    0          0          0   0   0   0   0   0   0
29    0          0          0   0   0   0   0   0   0
30    0          0          0   0   0   0   0   0   0
31    0          0          0   0   0   0   0   0   0
32    0          0          0   0   0   0   0   0   0
33    0          0          0   0   0   0   0   0   0
34    0          0          0   0   0   0   0   0   0
35    0          0          0   0   0   0   0   0   0
36    0          0          0   0   0   0   0   0   0
37    0          0          0   0   0   0   0   0   0
38    0          0          0   0   0   0   0   0   0
39    0          0          0   0   0   0   0   0   0
40    0          0          0   0   0   0   0   0   0
41    0          0          0   0   0   0   0   0   0
42    0          0          0   0   0   0   0   0   0
43    0          0          0   0   0   0   0   0   0
44    0          0          0   0   0   0   0   0   0
45    0          0          0   0   0   0   0   0   0
46    0          0          0   0   0   0   0   0   0
47    0          0          0   0   0   0   0   0   0
48    0          0          0   0   0   0   0   0   0
49    0          0          0   0   0   0   0   0   0
50    0          0          0   0   0   0   0   0   0
51    0          0          0   0   0   0   0   0   0
52    0.182955   0.182955   0   0   0   0   0   0   0
53    0          0          0   0   0   0   0   0   0
54    0          1          0   0   0   0   0   0   0
55    0          0          0   0   0   0   0   0   0
56    0          0          0   0   0   0   0   0   0
57    0          0          0   0   0   0   0   0   0
58    0          0          0   0   0   0   0   0   0
59    0          0          0   0   0   0   0   0   0
60    0          0          0   0   0   0   0   0   0
61    0          0          0   0   0   0   0   0   0
62    0          0          0   0   0   0   0   0   0
63    0          0          0   0   0   0   0   0   0
64    0          0          0   0   0   0   0   0   0
65    0          0          0   0   0   0   0   0   0
66    0          0          0   0   0   0   0   0   0
67    0          0          0   0   0   0   0   0   0
68    0          0          0   0   0   0   0   0   0
69    0          0          0   0   0   0   0   0   0
70    0          0          0   0   0   0   0   0   0
71    0          0          0   0   0   0   0   0   0
72    0          0          0   0   0   0   0   0   0
73    0          0          0   0   0   0   0   0   0
74    0          0          0   0   0   0   0   0   0
75    0          0          0   0   0   0   0   0   0
76    0          0          0   0   0   0   0   0   0
77    0          0          0   0   0   0   0   0   0
78    0          0          0   0   0   0   0   0   0
79    0          0          0   0   0   0   0   0   0
80    0          0          0   0   0   0   0   0   0
81    0          0          0   0   0   0   0   0   0
82    0          0          0   0   0   0   0   0   0
83    0          0          0   0   0   0   0   0   0
84    0          0          0   0   0   0   0   0   0
85    0          0          0   0   0   0   0   0   0
86    0          0          0   0   0   0   0   0   0
87    0          0          0   0   0   0   0   0   0
88    0          0          0   0   0   0   0   0   0
89    0          0          0   0   0   0   0   0   0
90    0          0          0   0   0   0   0   0   0
91    0          0          0   0   0   0   0   0   0
92    0          0          0   0   0   0   0   0   0
93    0          0          0   0   0   0   0   0   0
94    0          0          0   0   0   0   0   0   0
95    0          0          0   0   0   0   0   0   0
96    0          0          0   0   0   0   0   0   0
97    0          0          0   0   0   0   0   0   0
98    0          0          0   0   0   0   0   0   0
99    0          0          0   0   0   0   0   0   0
100   0          0          0   0   0   0   0   0   0
;

