LP,3,43,21.01785487
MIP,3,617540,19.69
LP,1,43,20.97177474
MIP,1,631343,19.69
LP,2,156,21.10698116
MIP,2,674191,19.95
LP,6,47,25.46495239
MIP,6,771668,24.34
LP,9,105,17.58410306
MIP,9,2212996,16.69
LP,8,38,22.31692451
MIP,8,2682650,21.84
LP,4,43,24.69419248
MIP,4,3196097,23.95
LP,187,462,19.87411977
LP,37,72,23.68646749
LP,10,53,20.4430638
MIP,10,3540877,19.86
LP,173,52,24.76181811
MIP,173,45361,22.86
LP,183,74,23.91385382
MIP,183,88694,22.12
LP,172,51,19.76742023
MIP,172,87982,18.19
LP,128,57,18.70840673
MIP,128,84355,16.51
LP,123,46,23.25473156
MIP,123,84900,16.51
LP,122,48,18.69211814
MIP,122,88531,16.51
LP,143,108,20.6470362
MIP,143,89618,18.99
LP,129,48,23.30041699
MIP,129,90740,16.51
LP,103,52,18.77372345
MIP,103,90729,16.71
LP,250,56,21.03824515
LP,252,54,21.03824515
LP,248,54,21.03824515
LP,32,45,25.03887134
MIP,32,100853,15.81
LP,31,45,17.20309256
LP,105,86,18.85377471
MIP,31,101865,15.81
MIP,105,100563,16.71
LP,217,61,23.05604387
LP,39,188,21.61824375
MIP,39,102944,15.81
LP,116,46,18.40431835
MIP,116,102060,15.83
LP,107,53,18.26648194
MIP,107,111743,17.65
LP,118,55,26.38863843
MIP,118,102238,25.27
LP,108,56,22.71547322
MIP,108,103098,25.27
LP,119,45,19.92634394
MIP,119,103951,25.27
LP,101,41,20.20339236
MIP,101,104083,15.83
LP,121,61,21.5796625
MIP,121,104651,15.83
LP,125,47,22.07142715
MIP,125,105252,25.27
LP,112,161,25.78908434
MIP,112,105725,15.83
LP,102,55,22.62975385
MIP,102,107659,15.83
LP,127,41,23.03350152
MIP,127,107836,25.27
LP,52,68,23.11830701
MIP,52,111934,22.05
LP,40,53,25.02156331
MIP,40,112603,23.76
LP,132,40,22.09852011
MIP,132,116270,20.46
LP,145,51,19.84381366
MIP,145,121375,23.76
LP,65,50,21.27400192
MIP,65,169772,18.93
LP,80,111,26.32252577
MIP,80,171265,18.93
LP,89,52,22.16566178
MIP,89,173490,18.93
LP,76,47,21.82996047
MIP,76,174020,18.93
LP,19,106,20.31456348
MIP,19,178988,18.09
LP,15,44,17.65000716
MIP,15,216641,17.01
LP,155,45,19.58834764
MIP,155,234497,15.49
LP,16,59,17.30927474
MIP,16,225307,16.45
LP,160,182,20.16313127
MIP,160,238011,15.49
LP,436,50,18.01958307
MIP,436,91067,15.05
LP,134,44,22.54439093
MIP,134,241878,23.92
LP,137,47,25.00735727
MIP,137,246157,23.92
LP,111,47,16.62857968
MIP,111,258191,15.54
LP,294,58,21.61995949
MIP,294,266101,20.04
LP,444,55,21.16587275
MIP,444,106105,19.69
LP,152,89,24.49283398
MIP,152,295033,23.74
LP,398,46,19.98618139
MIP,398,288095,20.64
LP,22,49,21.58824924
MIP,22,295542,20.2
LP,399,38,21.92451039
MIP,399,294487,20.64
LP,209,44,22.43293974
MIP,209,308449,20.52
LP,23,46,20.94761239
MIP,23,317868,20.18
LP,140,53,18.01627578
MIP,140,333786,17.02
LP,135,81,25.452287
MIP,135,345626,17.61
LP,422,71,24.1941549
MIP,422,208997,23.33
LP,258,39,26.16142253
MIP,258,254275,23.97
LP,420,48,21.71504027
MIP,420,210070,23.33
LP,139,45,19.247149
MIP,139,350334,17.61
LP,447,64,21.77730121
MIP,447,129187,20.74
LP,11,55,19.75060234
MIP,11,364959,18.06
LP,371,58,23.52133371
MIP,371,262882,17.11
LP,130,54,22.98980911
MIP,130,365611,22.51
LP,38,48,23.04071284
MIP,38,370575,22.23
LP,354,60,24.64031231
MIP,354,281297,15.6
LP,445,43,19.34683679
MIP,445,161705,17.36
LP,353,40,17.94154839
MIP,353,287515,15.6
LP,418,42,19.65662334
MIP,418,249700,18.68
LP,421,51,22.84496103
MIP,421,250142,18.68
LP,315,47,20.18106837
MIP,315,390314,19
LP,180,44,18.74506678
MIP,180,397464,18.14
LP,267,45,25.52295568
MIP,267,298389,23.64
LP,146,48,19.84485208
MIP,146,404248,22.51
LP,264,43,24.04792121
MIP,264,308321,22.79
MIP,227,308648,22.05
LP,237,47,24.00437451
MIP,237,308653,22.05
LP,162,55,27.71268298
MIP,162,424840,21.59
LP,233,134,24.68034736
MIP,233,313303,22.05
LP,339,44,20.21787926
MIP,339,319660,18.54
LP,164,44,22.37095186
MIP,164,430362,21.59
LP,192,128,21.11139982
MIP,192,427984,18.13
LP,370,43,23.16390711
MIP,370,322670,21.4
LP,131,72,24.45979698
MIP,131,431778,23.34
LP,17,53,21.04205898
LP,35,43,19.50382899
MIP,17,437468,23.34
MIP,35,443917,19.05
LP,66,51,17.8403972
MIP,66,434812,21.43
LP,12,54,21.72499156
MIP,12,437548,20.96
LP,60,46,20.92201196
MIP,60,440396,19.6
LP,55,58,19.35995687
MIP,55,449129,21.43
LP,44,56,23.39875082
MIP,44,454453,22.45
LP,148,47,22.37523747
MIP,148,458366,21.19
LP,18,55,23.22163923
MIP,18,459433,22.68
LP,205,45,24.17792105
MIP,205,472936,19.53
LP,176,49,22.7733602
MIP,176,476452,21.16
LP,210,45,20.42729088
MIP,210,478765,19.53
LP,230,68,21.5492843
MIP,230,379868,21.28
LP,311,43,20.26705388
MIP,311,486485,18.5
LP,42,129,25.05186011
MIP,42,486873,22.77
LP,165,63,25.65538778
MIP,165,501996,25.37
LP,14,48,22.54004856
MIP,14,491329,21.14
LP,110,42,17.8806207
MIP,110,490757,16.71
LP,81,50,23.66377493
MIP,81,490792,18.46
LP,90,59,22.24133931
MIP,90,498154,21.53
LP,417,55,22.59408206
MIP,417,366372,22.09
LP,466,56,23.57639703
MIP,466,99815,21.33
LP,474,49,23.6799827
MIP,474,104452,22.28
LP,62,62,17.991103
MIP,62,517786,21.01
LP,150,47,24.11349104
MIP,150,534758,23.35
LP,335,103,25.73012684
MIP,335,426411,24.72
LP,430,58,22.92846582
MIP,430,383142,22.47
LP,51,46,21.98918278
MIP,51,522688,21.01
LP,13,50,28.52614256
MIP,13,526994,22.77
LP,63,47,22.55658388
MIP,63,525612,21.01
LP,26,54,23.66739537
MIP,26,529065,22.77
LP,223,76,27.11035711
MIP,223,426263,18.94
LP,104,59,25.30475342
MIP,104,532786,24.3
LP,169,49,18.18198585
MIP,169,545164,17.16
LP,312,41,23.92464677
MIP,312,537784,18.09
LP,69,104,22.39246005
MIP,69,538180,21.01
LP,437,42,22.23631059
MIP,437,404700,20.96
LP,467,47,21.46865633
MIP,467,143561,19.52
LP,49,45,22.1846449
MIP,49,551879,21.78
LP,54,50,19.07190474
MIP,54,557547,18.22
LP,465,64,20.90964625
MIP,465,219938,19.12
LP,21,51,20.43161504
MIP,21,566786,19.63
LP,255,38,18.77352196
MIP,255,472359,18.1
LP,416,49,17.91219416
MIP,416,429490,16.32
LP,85,51,23.59374137
MIP,85,566078,22.99
LP,199,51,22.17839236
MIP,199,575422,19.82
LP,27,49,25.25703233
MIP,27,570680,19.63
LP,33,47,20.28055612
MIP,33,577791,19.36
LP,225,50,24.76865845
MIP,225,490945,18.94
LP,224,39,20.3263504
MIP,224,503177,18.94
LP,36,51,20.10937743
MIP,36,608647,19.37
LP,435,56,22.74916527
MIP,435,476811,22.13
LP,58,52,23.46463221
MIP,58,620619,22.61
LP,159,85,21.65700281
MIP,159,635270,20.53
LP,432,47,25.18128637
MIP,432,484338,24.07
LP,503,50,21.80501039
MIP,503,98092,20.6
LP,419,53,21.41089094
MIP,419,489826,20.53
LP,73,50,23.20481264
MIP,73,631179,22.73
LP,109,57,25.73596732
MIP,109,633069,22.73
LP,72,47,22.1450111
MIP,72,640161,21.03
LP,521,39,18.14969651
MIP,521,67611,19.95
LP,184,49,23.88179943
MIP,184,665047,23.29
LP,508,53,23.53096588
MIP,508,141837,21.74
LP,469,49,19.47956146
MIP,469,269123,18.66
LP,262,41,23.40334742
MIP,262,569483,21.35
LP,181,44,19.90205542
MIP,181,679934,19.37
LP,506,167,14.68377423
MIP,506,152380,13.8
LP,322,43,18.16071235
MIP,322,689088,17.1
LP,174,43,21.63732768
MIP,174,705984,20.77
LP,117,56,18.25634631
MIP,117,698490,17.68
LP,434,41,20.00032218
MIP,434,566292,19.02
LP,168,86,23.95822178
MIP,168,721463,23.55
LP,359,47,21.47575949
MIP,359,616231,17.9
LP,457,49,18.30951811
MIP,457,427689,17.41
LP,478,41,18.62952913
MIP,478,315096,16.77
LP,365,43,24.2607999
MIP,365,620869,17.9
LP,464,47,18.50939893
MIP,464,384564,17.02
LP,91,46,18.95288228
MIP,91,738450,20.91
LP,43,51,22.45234551
MIP,43,755571,19.09
LP,45,97,18.464473
MIP,45,758198,19.09
LP,41,61,21.15718271
MIP,41,761237,19.09
LP,95,153,21.3740774
MIP,95,760841,20.91
LP,570,150,25.42986318
LP,567,151,25.42986318
LP,34,64,19.61502491
MIP,34,765502,19.09
LP,438,80,23.78561779
MIP,438,629875,23.05
LP,460,51,24.56128833
MIP,460,423047,23.35
LP,141,54,22.59102874
MIP,141,771665,25.09
LP,68,63,22.96671006
MIP,68,774827,22.41
LP,142,60,25.01976991
MIP,142,779773,25.09
LP,423,53,20.91814389
MIP,423,640221,19.6
LP,147,53,25.47562654
MIP,147,779949,25.09
LP,247,53,25.82608338
MIP,247,693377,24.53
LP,30,109,24.88840535
MIP,30,792553,24.19
LP,473,52,17.50027559
MIP,473,382242,16.16
LP,463,38,18.23847592
MIP,463,445080,16.66
LP,333,42,15.76419383
MIP,333,695029,14.7
LP,428,57,19.87713762
MIP,428,664282,19.02
LP,283,42,22.50685596
MIP,283,710454,20.1
LP,273,43,20.97674888
MIP,273,712624,20.1
LP,505,40,22.01896146
MIP,505,293322,20.93
LP,124,49,23.48014529
MIP,124,825277,22.61
LP,84,69,20.80039259
MIP,84,830849,17.66
LP,571,68,21.25917964
MIP,571,85391,19.54
LP,565,41,23.89094135
MIP,565,89600,22.06
LP,544,55,23.01254535
MIP,544,225442,19.81
LP,573,48,21.24191602
MIP,573,98600,20
LP,97,42,20.65329591
MIP,97,862047,21.87
LP,92,70,25.39557701
MIP,92,866183,21.87
LP,545,112,20.80405057
MIP,545,232757,19.81
LP,99,60,23.17593987
MIP,99,869424,21.87
LP,75,47,24.42248875
MIP,75,872111,21.87
LP,78,72,24.2314298
MIP,78,874155,21.87
LP,170,54,20.92990736
MIP,170,889201,20.28
LP,77,55,22.43920753
MIP,77,876087,21.87
LP,556,40,17.91959543
MIP,556,171838,16.5
LP,100,124,19.34206462
MIP,100,879953,20.98
LP,344,42,16.01756635
MIP,344,784339,14.7
LP,208,52,24.03139994
MIP,208,902713,23.19
LP,326,40,22.24694324
MIP,326,898102,21.01
LP,201,44,21.20481003
MIP,201,910319,18.72
LP,195,39,19.6158467
MIP,195,916009,18.72
LP,284,46,21.47029017
MIP,284,822339,20.26
LP,575,73,19.91301953
MIP,575,92619,19.13
LP,106,49,23.96431722
MIP,106,928511,23.11
LP,427,113,22.09228872
MIP,427,794368,21.29
LP,475,52,21.67248549
MIP,475,534986,20.47
LP,429,51,22.43835606
MIP,429,797787,21.29
LP,502,57,22.7373182
MIP,502,410835,21.29
LP,53,94,18.95062958
LP,59,94,18.95062958
MIP,53,953432,21.01
MIP,59,953432,21.01
LP,57,54,19.67375803
MIP,57,959712,21.01
LP,61,52,22.19032305
MIP,61,962019,21.01
LP,67,43,20.63510971
MIP,67,962904,21.01
LP,56,65,22.04405414
MIP,56,966050,21.01
LP,113,53,24.67967998
MIP,113,979828,21.39
LP,114,44,21.76299038
MIP,114,983228,21.39
LP,408,52,22.87623659
MIP,408,942831,22.21
LP,580,55,19.75586968
MIP,580,163727,18.86
LP,149,60,27.05868034
MIP,149,990147,26.17
LP,158,50,23.76628021
MIP,158,1000573,22.84
LP,483,66,20.84758027
MIP,483,541684,19.74
LP,582,46,23.68092744
MIP,582,182235,22.14
LP,458,62,28.07161832
MIP,458,669961,27.8
LP,290,39,18.10937322
MIP,290,1013282,17.71
LP,572,41,19.03094347
MIP,572,251345,18.15
LP,120,55,24.57595065
MIP,120,1022173,23.54
LP,616,49,20.13885465
MIP,616,72755,18.42
LP,477,56,24.85558265
MIP,477,614470,23.96
LP,426,92,23.63404293
MIP,426,881938,22.86
LP,566,69,24.7666078
MIP,566,259603,23.25
LP,47,54,24.52283523
MIP,47,1026178,23.45
LP,611,79,26.10110875
MIP,611,89198,24.2
LP,584,55,18.64509295
MIP,584,210871,17.64
LP,587,115,20.15023665
MIP,587,210494,18.7
LP,579,70,20.71917525
MIP,579,240349,20.29
LP,547,46,21.82719401
MIP,547,432605,20.78
LP,578,41,21.96322072
MIP,578,249737,20.89
LP,586,44,20.06464863
MIP,586,253806,19.62
LP,518,136,21.12752305
MIP,518,553090,20.06
LP,70,55,20.93804636
MIP,70,1088923,19.69
LP,289,39,21.46669249
MIP,289,1088949,17.59
LP,25,54,24.48725651
MIP,25,1099125,23.62
LP,251,42,19.76219141
MIP,251,1006555,17.93
LP,28,53,20.80528554
MIP,28,1110282,23.62
LP,220,42,21.12910621
MIP,220,1012415,19.39
LP,302,41,22.24860023
MIP,302,1118100,21.73
LP,330,41,26.17251543
MIP,330,1029465,25.35
LP,222,39,20.19818491
MIP,222,1029371,19.39
LP,558,67,21.78591073
MIP,558,421585,20.8
LP,627,65,16.98657543
MIP,627,129150,16.11
LP,48,56,22.03005452
MIP,48,1151913,21.14
LP,431,54,26.67913158
MIP,431,1014845,25.17
LP,553,60,24.48858406
MIP,553,451254,18.15
LP,448,48,21.36815592
MIP,448,940226,21.15
LP,555,113,22.12362578
MIP,555,458238,21.04
LP,603,42,23.59130206
MIP,603,282378,22.32
LP,433,63,21.35963433
MIP,433,1031856,25.17
LP,471,45,22.34837254
MIP,471,772800,21.09
LP,590,36,23.9850118
MIP,590,357256,15.47
LP,206,39,20.24071613
MIP,206,1190424,18.84
LP,591,39,16.58949491
MIP,591,358551,15.47
LP,593,39,21.71029584
MIP,593,359840,21.14
LP,352,46,20.16011631
MIP,352,1093564,19.3
LP,510,44,23.29899332
MIP,510,662502,21.85
LP,295,37,23.29953345
MIP,295,1187683,17.59
LP,189,47,22.72816903
MIP,189,1201938,22.08
LP,424,53,24.04160921
MIP,424,1052825,23.08
LP,351,35,13.42628673
MIP,351,1100512,11.79
LP,171,50,25.10010077
MIP,171,1210941,22.08
LP,511,46,25.37168035
MIP,511,677103,24.72
LP,507,96,19.72474217
MIP,507,678875,19.41
LP,614,47,26.0128311
MIP,614,266489,25.17
LP,375,52,16.71480992
MIP,375,1124567,20.87
LP,461,92,17.82892044
MIP,461,885809,17.3
LP,624,46,17.69265471
MIP,624,227000,16.74
LP,391,64,18.06942908
MIP,391,1241536,17.52
LP,559,87,19.31405921
MIP,559,533032,18.15
LP,272,68,22.14358174
MIP,272,1144049,20.87
LP,185,43,24.31128062
MIP,185,1260275,23.34
LP,509,41,21.88955437
MIP,509,727061,21.16
LP,401,50,23.10904328
MIP,401,1252756,17.52
LP,395,40,20.49732874
MIP,395,1252841,17.52
LP,615,40,19.52383352
MIP,615,307857,18.93
LP,357,36,22.09015938
MIP,357,1157074,16.39
LP,557,46,23.1386298
MIP,557,547395,22.54
LP,564,80,21.38919294
LP,604,118,21.38919294
MIP,604,312157,15.06
MIP,564,494722,20.65
LP,361,118,24.30518467
MIP,361,1166065,16.39
LP,356,38,17.50166857
MIP,356,1169298,16.39
LP,310,41,21.3793935
MIP,310,1276195,20.42
LP,186,45,27.41257242
MIP,186,1286591,26.43
LP,660,43,21.96282068
MIP,660,97773,21.5
LP,468,51,23.99881285
MIP,468,882050,23.08
LP,600,42,18.36560504
MIP,600,414496,17.79
LP,517,48,18.56829278
MIP,517,775638,17.21
LP,215,47,21.73714954
MIP,215,1197946,20.69
LP,212,71,16.63795924
MIP,212,1313744,15.49
LP,400,44,23.67157286
MIP,400,1310889,22.26
LP,602,41,15.16162689
MIP,602,430506,20.7
LP,625,72,15.16162689
MIP,625,309376,14.2
LP,425,60,25.42868596
MIP,425,1175879,24.85
LP,214,42,15.7303002
MIP,214,1331335,15.49
LP,568,49,24.70044321
MIP,568,554941,23.72
LP,612,47,20.98552223
MIP,612,370574,19.92
LP,397,41,22.10454515
MIP,397,1324213,19.55
LP,211,39,31.06154766
MIP,211,1339613,15.49
LP,213,49,25.62875221
MIP,213,1341737,15.49
LP,286,48,19.7135164
MIP,286,1337679,23.95
LP,405,89,17.97085203
MIP,405,1343736,16.5
LP,683,47,24.55228021
MIP,683,102589,22.84
LP,583,46,21.01964284
MIP,583,528595,20.15
LP,526,46,18.35679266
MIP,526,773348,18.58
LP,525,43,29.34086677
MIP,525,778387,18.58
LP,83,60,21.65032
MIP,83,1371907,22.9
LP,82,58,22.14859197
MIP,82,1375133,22.9
LP,87,55,23.57121037
MIP,87,1378506,22.9
LP,569,44,23.00785285
MIP,569,616083,22.53
LP,501,59,20.43035536
MIP,501,854512,19.6
LP,88,52,26.6142325
MIP,88,1379269,22.9
LP,705,48,18.6593508
MIP,705,78175,17.08
LP,596,49,22.55368354
MIP,596,500710,21.68
LP,472,51,20.66230156
MIP,472,987331,19.94
LP,634,52,19.7187119
MIP,634,319043,18.42
LP,470,77,22.41972266
MIP,470,998376,22.33
LP,551,62,25.54674001
MIP,551,758059,25.15
LP,46,52,24.48071213
MIP,46,1412086,24.11
LP,504,41,23.36100925
MIP,504,890756,22.29
LP,151,50,26.72960609
MIP,151,1435597,26.1
LP,581,43,18.40416416
MIP,581,601481,17.28
LP,161,45,23.80867079
MIP,161,1446172,20.63
LP,620,45,25.63999685
MIP,620,488438,24.31
LP,266,46,22.36591878
MIP,266,1339956,22.49
LP,664,69,18.95673333
MIP,664,258224,18.05
LP,607,61,16.42273446
MIP,607,507426,15.57
LP,175,50,23.1081712
MIP,175,1460705,22.45
LP,462,40,21.38037871
MIP,462,1114240,20.53
LP,610,50,23.06837734
MIP,610,513258,22.74
LP,157,44,21.54021626
MIP,157,1470902,20.63
LP,554,76,22.09994394
MIP,554,762966,20.83
LP,269,86,22.60001472
MIP,269,1368255,22.49
LP,293,42,20.68859619
MIP,293,1471567,23.95
LP,309,124,21.54925796
MIP,309,1474881,20.24
LP,292,47,24.95754754
MIP,292,1473871,23.95
LP,360,42,22.58834244
MIP,360,1389186,21.46
LP,64,52,20.03746066
MIP,64,1494126,18.83
LP,617,65,24.6778374
MIP,617,550594,23.91
LP,381,39,20.94138294
MIP,381,1401638,16.96
LP,377,42,21.13825647
MIP,377,1406007,16.96
LP,655,46,20.28538242
MIP,655,386379,18.72
LP,280,44,17.40822566
MIP,280,1413765,16.96
LP,670,46,16.72403462
MIP,670,355264,16.15
LP,652,69,19.76300961
MIP,652,427050,18.96
LP,588,45,21.03332938
MIP,588,732894,20.65
LP,409,45,23.64979442
MIP,409,1521718,22.66
LP,514,49,21.28499288
MIP,514,1047186,19.9
LP,340,56,19.93273438
MIP,340,1474250,18.83
LP,520,41,16.23175195
MIP,520,986180,18.52
LP,385,40,16.46038769
MIP,385,1472233,15.16
LP,523,73,21.17018564
MIP,523,989286,18.52
LP,524,72,24.10231451
MIP,524,990076,18.52
LP,243,48,23.39368388
MIP,243,1487120,22.73
LP,519,39,22.70221614
MIP,519,995259,18.52
LP,546,41,21.57746611
MIP,546,947287,21.02
LP,753,60,22.10145666
MIP,753,101402,20.31
LP,74,50,18.87825804
MIP,74,1595342,17.85
LP,651,52,23.08389998
MIP,651,479646,22.56
LP,662,47,23.24321561
MIP,662,441747,22.4
LP,297,38,18.70349042
MIP,297,1631461,21.43
LP,560,65,20.40043262
MIP,560,830714,19.82
LP,702,40,21.61068326
MIP,702,342413,20.69
LP,711,50,20.17543185
MIP,711,280217,19.58
LP,726,45,22.79007884
MIP,726,222666,22.03
LP,306,55,24.03364227
MIP,306,1647051,24.22
LP,303,37,25.46884239
MIP,303,1650381,24.22
LP,756,46,19.22530639
MIP,756,115180,17.61
LP,278,38,23.25311984
MIP,278,1560838,22.47
LP,307,38,21.84839369
MIP,307,1666364,20.98
LP,443,89,24.71507167
MIP,443,1510475,23.94
LP,254,39,24.50656698
MIP,254,1583820,20.51
LP,240,48,22.90341415
MIP,240,1598076,16.99
LP,619,49,25.22886434
MIP,619,751589,24.69
LP,665,86,17.14937601
MIP,665,514899,16.44
LP,242,41,18.29025509
MIP,242,1610263,16.99
LP,767,49,21.91764228
MIP,767,98398,20.64
LP,623,46,25.107204
MIP,623,701307,24.73
LP,563,60,23.89979959
MIP,563,938363,23.01
LP,207,51,19.79234444
MIP,207,1725255,18.74
LP,703,56,22.12466095
MIP,703,413191,21.5
LP,577,60,21.30895341
MIP,577,893497,20.43
LP,642,74,20.26984393
MIP,642,649829,19.46
LP,727,41,17.72495823
MIP,727,297526,15.92
LP,682,52,21.5999583
MIP,682,481730,20.53
LP,635,63,20.22860639
MIP,635,657969,18.99
LP,638,44,22.49604493
MIP,638,661975,18.99
LP,704,56,21.79006463
MIP,704,421735,21.1
LP,636,54,26.77082812
MIP,636,665865,18.99
LP,673,70,17.74652355
MIP,673,497268,18.67
LP,609,42,22.78585588
MIP,609,810989,21.5
LP,676,49,24.5808015
MIP,676,513251,18.67
LP,678,42,19.72265563
MIP,678,513447,18.67
LP,674,186,18.17654636
MIP,674,514744,18.67
LP,550,51,20.82982268
MIP,550,1114623,19.3
LP,768,46,23.62175631
MIP,768,156913,20.98
LP,675,41,20.48063519
MIP,675,517542,18.67
LP,681,136,22.95669733
MIP,681,517655,18.67
LP,677,43,20.65335137
MIP,677,518039,18.67
LP,378,48,19.95201166
MIP,378,1662240,19.17
LP,680,48,21.12284189
MIP,680,519886,18.67
LP,663,69,20.31318973
MIP,663,590794,19.68
LP,668,44,20.02940162
MIP,668,596507,19.14
LP,274,164,20.13010035
MIP,274,1692160,18.97
LP,364,49,18.6265366
MIP,364,1705192,17.29
LP,308,56,19.60542987
MIP,308,1802493,18.47
LP,144,87,24.3349291
MIP,144,1806201,23.57
LP,640,37,19.6727744
MIP,640,743335,18.78
LP,716,57,21.49967465
MIP,716,446320,20.02
LP,789,46,22.90570355
MIP,789,89120,20.92
LP,699,43,26.55884934
MIP,699,509718,25.49
LP,679,43,22.09585951
MIP,679,573359,21.44
LP,641,101,24.03001205
MIP,641,759111,23.07
LP,484,52,24.3405983
MIP,484,1367063,23.8
LP,701,41,22.55004268
MIP,701,536255,21.58
LP,781,51,23.35184786
MIP,781,183070,22.13
LP,601,43,23.02313283
MIP,601,966740,22.35
LP,790,51,19.95052268
MIP,790,125328,18.19
LP,138,58,22.81185856
MIP,138,1856301,23.57
LP,780,47,26.88710295
MIP,780,191782,25.94
LP,691,47,19.85025547
MIP,691,557612,19.06
LP,749,42,18.56734158
MIP,749,380362,16.6
LP,136,50,18.1129843
MIP,136,1868671,23.57
LP,522,89,23.262361
MIP,522,1287527,22.46
LP,98,59,20.03652676
MIP,98,1875321,23.21
LP,348,46,22.05893278
MIP,348,1785774,21.22
LP,96,48,19.86038536
MIP,96,1886849,23.21
LP,666,44,23.13306266
MIP,666,714048,21.89
LP,695,53,25.51890361
MIP,695,606256,24.52
LP,700,46,24.36881859
MIP,700,608149,23.11
LP,710,57,19.11715518
MIP,710,547094,18.22
LP,608,54,24.47251651
MIP,608,970043,23.8
LP,367,43,20.30162766
MIP,367,1820469,17.29
LP,285,36,18.86667474
MIP,285,1836454,17.31
LP,499,49,20.82880234
MIP,499,1463558,19.75
LP,332,90,22.07276163
MIP,332,1841883,21.36
LP,393,36,22.33404945
MIP,393,1944868,21.49
LP,667,47,20.8967248
MIP,667,762574,20.18
LP,654,86,25.14226606
MIP,654,823286,24.6
LP,265,37,21.90906399
MIP,265,1846297,20.98
LP,747,47,19.06938311
MIP,747,469492,18.66
LP,394,39,22.49843385
MIP,394,1962207,21.49
LP,745,43,21.37304757
MIP,745,475294,20.64
LP,694,48,24.87244298
MIP,694,661136,24.42
LP,782,40,17.73150541
MIP,782,308643,16.65
LP,396,37,22.31508625
MIP,396,1976682,21.49
LP,319,47,21.58822254
MIP,319,1983368,21.03
LP,325,45,29.10175287
MIP,325,1990006,21.03
LP,392,40,22.72113085
MIP,392,1991258,21.34
LP,626,46,22.15860237
MIP,626,989703,20.88
LP,402,42,23.1578258
MIP,402,1997053,21.49
LP,320,46,20.1139953
MIP,320,1999035,21.03
LP,260,48,20.81344514
MIP,260,1896771,19.86
LP,730,48,20.99022087
MIP,730,572581,19.98
LP,843,51,20.65749982
MIP,843,104995,19.28
LP,696,61,20.40034414
MIP,696,706822,19.3
LP,799,149,22.19346288
MIP,799,292613,20.57
LP,202,49,25.60658999
MIP,202,2052126,24.66
LP,621,45,24.31727605
MIP,621,1040551,22.32
LP,719,39,20.98328761
MIP,719,689677,18.82
LP,628,47,22.04258751
MIP,628,1048439,22.32
LP,629,46,22.98253988
MIP,629,1049644,22.32
LP,321,42,22.75747663
MIP,321,2058523,21.6
LP,630,39,20.6837104
MIP,630,1053753,22.32
LP,415,45,19.11924847
MIP,415,1951580,18.6
LP,331,38,23.75730115
MIP,331,1965627,22.99
LP,257,42,25.036996
MIP,257,1969359,23.68
LP,631,40,24.76402356
MIP,631,1057682,22.35
LP,857,88,21.08437765
MIP,857,99931,22.84
LP,855,43,23.89276199
MIP,855,100570,22.84
LP,861,38,17.13347286
MIP,861,43886,14.86
LP,728,44,24.30146647
MIP,728,654215,23.78
LP,597,82,23.4893442
MIP,597,1194150,22.89
LP,259,37,23.4596502
MIP,259,1991850,23.68
LP,256,50,18.56883852
MIP,256,1997364,23.68
LP,693,68,21.74483424
MIP,693,795293,21.31
LP,622,42,17.46805521
MIP,622,1097902,22.32
LP,850,62,15.60346295
MIP,850,139809,14.65
LP,870,54,20.76289643
MIP,870,73802,19.66
LP,763,39,21.70987635
MIP,763,573411,20.64
LP,744,45,21.53558585
MIP,744,641552,20.81
LP,235,46,20.34381298
MIP,235,2041066,19.51
LP,775,41,18.17820345
MIP,775,437308,16.92
LP,277,35,20.08523219
MIP,277,2053114,26.97
LP,219,37,18.12806736
MIP,219,2054374,16.98
LP,276,47,27.77187007
MIP,276,2056990,26.97
LP,232,44,21.84834806
MIP,232,2059134,20.84
LP,338,48,21.21320186
MIP,338,2070601,20.6
LP,355,61,21.7100589
MIP,355,2072085,20.76
LP,263,41,27.81193202
MIP,263,2074189,27.07
LP,541,46,25.42509558
MIP,541,1586367,24.16
LP,275,41,21.12469697
MIP,275,2086563,26.97
LP,404,41,19.36596704
MIP,404,2208158,19.15
LP,482,69,26.27207895
MIP,482,1742931,25.86
LP,358,36,21.3253989
MIP,358,2111098,19.44
LP,804,41,20.8406634
MIP,804,427592,20.21
LP,865,38,20.58311663
MIP,865,195564,18.58
LP,791,46,21.68350985
MIP,791,498743,20.83
LP,808,46,21.48686836
MIP,808,438224,20.6
LP,827,43,19.69799676
MIP,827,376539,18.52
LP,731,47,20.55302152
MIP,731,804882,20.28
LP,837,41,21.29833421
MIP,837,327602,20.3
LP,672,39,18.17795697
MIP,672,1063374,17.01
LP,851,43,19.04461163
MIP,851,296992,17.52
LP,805,51,19.63278228
MIP,805,485299,17.63
LP,500,40,18.21507226
MIP,500,1816077,17.54
LP,487,38,17.36648674
MIP,487,1822446,17.54
LP,770,38,22.49512545
MIP,770,692051,21.38
LP,811,49,21.81229614
MIP,811,512372,21.26
LP,576,55,21.8341107
MIP,576,1478904,21.05
LP,859,42,19.01101703
MIP,859,337433,17.6
LP,893,42,18.49024623
MIP,893,173715,17.49
LP,771,48,23.44594557
MIP,771,712579,23.15
LP,323,41,25.32409738
MIP,323,2335200,24
LP,318,45,20.46619158
MIP,318,2345682,24
LP,922,44,15.38961212
MIP,922,78992,14.9
LP,839,47,21.03877684
MIP,839,442210,20.45
LP,305,37,22.49114061
MIP,305,2347062,19.78
LP,748,45,23.21907101
MIP,748,861868,22.95
LP,838,43,22.0416512
MIP,838,446264,21.05
LP,299,37,20.84266499
MIP,299,2352802,19.78
LP,840,42,17.40178883
MIP,840,449556,21.05
LP,858,39,20.56326236
MIP,858,387694,19.61
LP,860,45,23.18900702
MIP,860,396279,19.61
LP,743,41,19.59787235
MIP,743,879470,19.24
LP,343,177,23.1882796
MIP,343,2273816,22.67
LP,446,418,25.32699268
MIP,446,2149179,<BREAK>
LP,835,52,23.70769334
MIP,835,502324,22.59
LP,807,43,23.01654627
MIP,807,623779,22.06
LP,879,55,20.92403947
MIP,879,323301,20.16
LP,785,46,18.43086837
MIP,785,764594,17.59
LP,755,48,25.17801316
MIP,755,887897,23.88
LP,301,54,18.285264
MIP,301,2440915,17.33
LP,880,137,17.0857676
MIP,880,354560,16.14
LP,881,44,19.72942878
MIP,881,360904,18.31
LP,334,83,19.72942878
MIP,334,2351627,19.8
LP,329,44,20.55475508
MIP,329,2353107,19.8
LP,914,60,18.73833818
MIP,914,198979,18.3
LP,512,187,16.13880936
MIP,512,1952886,15.75
LP,945,46,23.63928334
MIP,945,95060,18.82
LP,948,80,19.5685155
MIP,948,96928,18.82
LP,946,52,26.81146072
MIP,946,104239,18.82
LP,828,46,26.09711317
MIP,828,641935,25.82
LP,947,47,20.61993014
MIP,947,104839,18.82
LP,910,40,20.24554425
MIP,910,291262,18.77
LP,203,57,25.31296843
MIP,203,2504843,24.81
LP,825,38,18.75321386
MIP,825,667686,18.17
LP,485,54,22.57571149
MIP,485,2047895,<BREAK>
LP,956,52,23.67739596
MIP,956,3429,21.36
LP,476,86,18.74735985
MIP,476,2122940,18.48
LP,721,63,21.19160454
MIP,721,1169110,23.07
LP,324,82,21.19160454
MIP,324,2535915,19.72
LP,317,63,20.2121004
MIP,317,2545910,19.72
LP,829,44,24.57878329
MIP,829,700344,24.01
LP,909,48,19.78022927
MIP,909,371030,18.49
LP,697,67,22.68541236
MIP,697,1277595,21.71
LP,944,49,20.68614009
MIP,944,206927,19.82
LP,901,59,22.4352931
MIP,901,452333,18.57
LP,852,53,20.44537658
MIP,852,637389,19.4
LP,688,37,25.22988147
MIP,688,1363793,16
LP,896,67,23.46800899
MIP,896,478952,22.52
LP,883,46,20.64662554
MIP,883,540800,20.06
LP,268,42,21.13370206
MIP,268,2526838,20.08
LP,884,40,22.41073343
MIP,884,543212,21.46
LP,895,45,20.58548121
MIP,895,497206,18.57
LP,853,120,21.81122521
MIP,853,676021,21.65
LP,387,54,18.52828582
MIP,387,2559171,23.22
LP,891,50,21.40164296
MIP,891,573646,20.89
LP,374,43,23.74295485
MIP,374,2561192,23.22
LP,562,43,19.19515485
MIP,562,1859223,18.12
LP,783,98,17.8709416
MIP,783,1002067,17.2
LP,368,38,19.92323776
MIP,368,2569710,23.22
LP,848,40,23.04744701
MIP,848,766401,22.71
LP,488,58,18.86734239
MIP,488,2208901,17.73
LP,976,61,23.08304211
LP,533,38,26.0169193
MIP,976,110741,21.44
MIP,533,2094109,25.22
LP,960,68,24.48984009
MIP,960,171331,22.57
LP,885,40,22.92204648
MIP,885,617817,22.64
LP,376,43,24.62995848
MIP,376,2605735,23.96
LP,923,38,19.98942735
MIP,923,446423,19.45
LP,917,45,22.81692443
MIP,917,447052,18.4
LP,774,44,20.85917358
MIP,774,1013630,19.6
LP,919,45,19.47460541
MIP,919,454753,18.4
LP,543,42,24.70891762
MIP,543,2121991,23.96
LP,821,35,18.0547855
MIP,821,850275,15.68
LP,342,51,25.1346522
MIP,342,2640986,24.31
LP,876,48,25.32425165
MIP,876,709827,19.86
LP,196,63,25.34339304
MIP,196,2748820,24.4
LP,786,48,21.24598663
MIP,786,1085587,19.97
LP,291,60,25.54481425
MIP,291,2752069,24.82
LP,449,50,24.78054255
MIP,449,2532037,22.91
LP,516,59,21.89797534
MIP,516,2240249,21.56
LP,921,497,19.12409498
MIP,921,498485,18.26
LP,916,47,29.30878701
MIP,916,500834,28.54
LP,906,258,23.74616378
MIP,906,563431,22.17
LP,854,56,25.81531125
MIP,854,810158,25.43
LP,990,52,20.18816371
MIP,990,86379,18.19
LP,847,93,24.55755902
MIP,847,873134,23.99
LP,908,62,21.85807032
MIP,908,584119,21.41
LP,989,49,21.74155306
MIP,989,107917,20.8
LP,814,42,21.04425152
MIP,814,1015637,20.01
LP,810,39,17.34549505
MIP,810,1017374,15.82
LP,995,46,23.14741605
MIP,995,89586,21.49
LP,296,43,22.50171574
MIP,296,2821594,22.21
LP,963,49,17.4363171
MIP,963,320991,16.89
LP,899,49,23.3438216
MIP,899,681116,22.8
LP,903,57,22.55400135
MIP,903,688672,22.14
LP,915,38,22.9854899
MIP,915,576325,21.89
LP,490,47,27.27413463
MIP,490,2383079,26.69
LP,244,48,21.77266244
MIP,244,2757826,23.12
LP,241,76,24.03666873
MIP,241,2761549,23.12
LP,931,56,27.79907579
MIP,931,523099,26.9
LP,898,49,25.17213937
MIP,898,709990,23.8
LP,246,46,26.88889911
MIP,246,2767462,23.12
LP,287,37,17.26171514
MIP,287,2869451,22.21
LP,999,55,20.83930079
MIP,999,160557,20.19
LP,613,45,29.32279518
MIP,613,1943258,28.33
LP,313,41,22.84502704
MIP,313,2894864,22.05
LP,905,77,21.23344878
MIP,905,686310,20.66
LP,882,48,22.17528428
MIP,882,805996,21.31
LP,927,57,21.00846867
MIP,927,568025,20.26
LP,440,43,20.63152474
MIP,440,2768746,20.18
LP,300,71,24.03686831
MIP,300,2909264,23.68
LP,216,58,23.24238536
MIP,216,2822638,22.57
LP,193,170,23.4218243
MIP,193,2938888,22.51
LP,200,62,22.77790746
MIP,200,2939992,22.51
LP,911,47,21.46594026
MIP,911,723541,20.65
LP,455,42,21.10323117
MIP,455,2672001,20.44
LP,951,50,22.27024491
MIP,951,492548,21.24
LP,379,43,22.90202164
MIP,379,2841752,22.28
LP,977,46,16.91418108
MIP,977,321356,16.13
LP,980,178,21.20637115
MIP,980,321408,20.36
LP,191,43,21.99411236
MIP,191,2964237,21.51
LP,981,55,25.98122017
MIP,981,325010,20.36
LP,929,53,20.50814875
MIP,929,629310,19.61
LP,949,65,19.49422319
MIP,949,511146,22.14
LP,298,45,21.28609204
MIP,298,2959739,20.46
LP,950,105,22.2233341
MIP,950,537958,22.14
LP,382,71,21.98444763
MIP,382,2884476,22.28
LP,752,42,21.24466453
MIP,752,1504678,20.1
LP,383,44,20.76538202
MIP,383,2889508,21.26
LP,79,56,21.30130049
MIP,79,2994011,23.61
LP,226,46,23.6425178
MIP,226,2894573,22.61
LP,844,44,23.05864842
MIP,844,1108255,21.74
LP,959,42,20.10827928
MIP,959,517466,18.96
LP,924,45,20.82648874
MIP,924,763563,19.4
LP,970,68,21.21074944
MIP,970,479561,19.82
LP,390,41,22.04544554
MIP,390,2936964,21.26
LP,971,51,21.17015094
MIP,971,481471,20.51
LP,982,47,19.18716735
MIP,982,410797,18.45
LP,459,52,21.31946433
MIP,459,2723225,20.32
LP,975,99,18.79826855
MIP,975,522681,18.15
LP,902,79,24.193307
MIP,902,937881,22.98
LP,856,50,23.43031019
MIP,856,1133278,22.32
LP,261,39,19.00952986
MIP,261,3001735,21.32
LP,996,55,21.90189944
MIP,996,392942,20.79
LP,496,43,23.61011567
MIP,496,2657108,22.48
LP,494,51,25.78748838
MIP,494,2662711,24.56
LP,71,67,22.98642047
MIP,71,3129674,23.68
LP,937,87,18.24250465
MIP,937,752163,17.46
LP,900,41,19.62733254
MIP,900,1001931,25.05
LP,561,42,20.84412492
MIP,561,2344964,20.62
LP,988,44,19.11864896
MIP,988,463334,17.87
LP,986,54,25.11721735
MIP,986,463993,17.87
LP,897,58,25.56539546
MIP,897,1010107,25.05
LP,166,60,24.96308029
MIP,166,3172394,24.11
LP,498,47,24.79922415
MIP,498,2700132,24.13
LP,218,45,23.75485833
MIP,218,3076208,20.69
LP,20,82,24.11912131
MIP,20,3212231,<BREAK>
LP,918,41,24.84884502
MIP,918,953500,23.57
LP,154,1978,27.80450129
MIP,154,3231725,<BREAK>
LP,369,49,21.24010085
MIP,369,3123697,20.69
LP,957,72,25.39530605
MIP,957,727227,24.59
LP,372,66,21.99713
MIP,372,3137876,22.95
LP,221,59,23.59656125
MIP,221,3139285,22.95
LP,690,45,24.79458716
MIP,690,1939240,23.71
LP,930,70,19.94837277
MIP,930,921321,19.03
LP,967,43,23.51960581
MIP,967,700419,22.7
LP,156,214,22.25854431
MIP,156,3266880,<BREAK>
LP,864,43,19.16736931
MIP,864,1228422,24.72
LP,714,40,20.5006957
MIP,714,1913130,19.51
LP,722,43,24.76130854
MIP,722,1919216,18.12
LP,816,44,20.92173576
MIP,816,1524555,21.84
LP,966,49,21.41275792
MIP,966,770309,20.29
LP,973,45,23.04281484
MIP,973,770769,22.41
LP,813,40,22.628402
MIP,813,1544274,21.84
LP,632,38,20.28718749
MIP,632,2236209,19.31
LP,942,47,17.82818693
MIP,942,951242,22.74
LP,935,57,23.84304298
MIP,935,952483,22.74
LP,940,57,23.40015844
MIP,940,954612,22.74
LP,926,121,21.50875667
MIP,926,1095460,20.7
LP,972,54,24.54699648
MIP,972,806071,23.54
LP,513,132,21.37785008
MIP,513,2852021,20.96
LP,442,47,26.7655682
MIP,442,3250343,25.55
LP,974,51,24.99542741
MIP,974,829533,24.32
LP,907,134,22.38983652
MIP,907,1201335,21.65
LP,952,80,22.66057113
MIP,952,963167,22.14
LP,913,45,25.38902298
MIP,913,1213996,21.65
LP,985,52,19.44775662
MIP,985,736779,18.81
LP,992,60,26.40958006
MIP,992,757607,25.54
LP,589,50,26.9983196
MIP,589,2625753,26.24
LP,657,42,18.56252101
MIP,657,2345630,17.72
LP,889,53,22.38130614
MIP,889,1393675,21.4
LP,594,61,22.53719699
MIP,594,2601743,21.95
LP,819,39,23.77849318
MIP,819,1603563,22.76
LP,836,125,23.40600793
MIP,836,1608431,22.52
LP,849,56,21.62245801
MIP,849,1597328,20.83
LP,953,46,23.60193832
MIP,953,1058519,22.47
LP,1000,86,27.97608594
MIP,1000,786069,27.43
LP,932,53,21.51569023
MIP,932,1182702,20.73
LP,345,73,20.06249548
MIP,345,3428143,19.7
LP,928,55,21.33633982
MIP,928,1196886,20.73
LP,229,48,23.30616718
MIP,229,3425021,22.21
LP,707,57,22.56022624
MIP,707,2223543,21.34
LP,933,60,20.33865079
MIP,933,1203123,19.13
LP,481,48,17.38502494
MIP,481,3070731,16.57
LP,451,43,22.17949088
MIP,451,3272575,25.83
LP,454,48,27.1869832
MIP,454,3283678,25.83
LP,969,45,19.94267109
MIP,969,1001403,19.09
LP,987,57,24.21925099
MIP,987,873120,22.99
LP,925,39,25.94266624
MIP,925,1308386,25.36
LP,715,40,19.99253636
MIP,715,2210550,18.82
LP,497,91,23.12214581
MIP,497,3112949,21.86
LP,936,58,26.38004561
MIP,936,1203720,25.14
LP,954,94,21.00400686
MIP,954,1094207,20.28
LP,888,40,19.12619983
MIP,888,1517055,17.9
LP,671,36,20.00802291
MIP,671,2427331,18.54
LP,337,46,19.18853193
MIP,337,3518339,22.69
LP,724,49,18.02842554
MIP,724,2262885,17.36
LP,347,139,23.47431569
MIP,347,3533067,22.69
LP,346,116,22.2478868
MIP,346,3549832,22.69
LP,515,42,22.68806277
MIP,515,3130669,21.63
LP,645,38,21.92576684
MIP,645,2590158,20.5
LP,984,61,19.76923872
MIP,984,966777,23.93
LP,646,41,23.63709156
MIP,646,2599718,20.5
LP,943,61,25.75638343
MIP,943,1283170,25.18
LP,991,62,24.90185489
MIP,991,997877,23.93
LP,994,57,26.6163591
MIP,994,1001152,26.02
LP,658,46,25.45048803
MIP,658,2605094,24.78
LP,834,48,27.2545145
MIP,834,1871577,26.38
LP,410,44,25.88420335
MIP,410,3721499,25.04
LP,833,39,20.1534171
MIP,833,1893555,18.36
LP,779,42,24.21990237
MIP,779,2085577,23.45
LP,939,56,30.62574465
MIP,939,1403245,30.38
LP,304,35,22.17489784
MIP,304,3800561,21.1
LP,249,39,24.98255429
MIP,249,3738118,24.04
LP,741,51,22.16387126
MIP,741,2420862,20.62
LP,537,379,19.09320908
MIP,537,3286460,18.52
LP,491,40,22.76074001
MIP,491,3418855,21.8
LP,528,65,20.65986127
MIP,528,3312937,18.52
LP,532,60,21.84671449
MIP,532,3313710,18.52
LP,531,64,23.31932714
MIP,531,3319208,18.52
LP,527,39,26.22691628
MIP,527,3324577,18.52
LP,529,45,23.24889264
MIP,529,3326341,18.52
LP,998,55,28.9634493
MIP,998,1192292,28.24
LP,877,42,19.64347324
MIP,877,1891936,18.72
LP,536,65,20.95749524
MIP,536,3331463,18.52
LP,539,62,19.28734
MIP,539,3332746,18.52
LP,538,54,25.45334757
MIP,538,3338771,18.52
LP,530,43,21.58730988
MIP,530,3340951,18.52
LP,534,127,23.62212837
MIP,534,3341390,18.52
LP,341,57,21.55468786
MIP,341,3838985,20.01
LP,535,63,25.63981593
MIP,535,3361990,18.52
LP,733,63,20.91059855
MIP,733,2530201,19.46
LP,754,34,21.99487525
MIP,754,2480090,21.39
LP,997,51,24.9730718
MIP,997,1278551,23.62
LP,548,49,20.42157878
MIP,548,3425890,19.85
LP,386,65,22.40456574
MIP,386,3973130,22.09
LP,766,44,21.95911168
MIP,766,2525087,20.68
LP,961,94,20.652036
MIP,961,1565609,22.5
LP,380,50,22.64183185
MIP,380,3975027,22.09
LP,480,783,23.0083272
MIP,480,3614807,20
LP,282,74,20.38278823
MIP,282,3980565,22.09
LP,271,55,21.31541431
MIP,271,3982395,22.09
LP,270,58,19.53970598
MIP,270,3984989,22.09
LP,818,36,21.37536091
MIP,818,2202933,20.17
LP,962,74,20.99577748
MIP,962,1581334,22.5
LP,845,45,24.36617627
MIP,845,2197643,23.31
LP,964,45,19.6425829
MIP,964,1595115,22.5
LP,281,64,22.79270805
MIP,281,4005406,22.09
LP,412,65,24.68274738
MIP,412,4000193,23.63
LP,820,40,21.88882527
MIP,820,2232305,20.82
LP,479,44,21.27871102
MIP,479,3656928,20
LP,968,45,19.25612128
MIP,968,1576012,18.64
LP,751,53,28.23491593
MIP,751,2646839,27.32
LP,362,55,19.35826828
MIP,362,4041711,<BREAK>
LP,720,41,21.89122426
MIP,720,2777743,21.18
LP,366,61,26.53380449
MIP,366,4049177,<BREAK>
LP,363,65,24.71728848
MIP,363,4054196,<BREAK>
LP,718,39,19.08483283
MIP,718,2798028,21.18
LP,712,47,25.47142406
MIP,712,2821849,24.63
LP,633,40,18.57726297
MIP,633,3211406,18.08
LP,772,53,23.60706304
MIP,772,2627753,22.55
LP,806,52,19.8872384
MIP,806,2483649,18.97
LP,758,35,19.67765587
MIP,758,2728778,18.71
LP,115,70,23.08179237
MIP,115,4282337,22.1
LP,978,60,19.39566395
MIP,978,1656071,19.02
LP,450,84,27.77155998
MIP,450,4027477,21.42
LP,776,46,24.87685059
MIP,776,2587113,24.76
LP,126,62,20.81389066
MIP,126,4295066,22.1
LP,618,357,24.25587458
MIP,618,3357256,23.41
LP,316,54,24.44608624
MIP,316,4307364,23.49
LP,452,67,23.65410768
MIP,452,4056216,21.42
LP,373,169,28.15135781
MIP,373,4223018,<BREAK>
LP,841,63,25.67585814
MIP,841,2467244,<BREAK>
LP,414,69,21.982132
MIP,414,4329018,20.73
LP,407,121,28.22130083
MIP,407,4439044,26.57
LP,253,67,20.23617032
MIP,253,4359402,19.86
LP,887,55,21.68675764
MIP,887,2403111,21.04
LP,288,69,23.91281784
MIP,288,4493816,23.55
LP,647,38,17.44975585
MIP,647,3426213,16.3
LP,796,43,20.18497884
MIP,796,2780044,25.46
LP,886,45,25.5352106
MIP,886,2441910,22.32
LP,894,44,23.06625464
MIP,894,2384655,22.57
LP,890,39,23.42214422
MIP,890,2443459,22.32
LP,659,39,19.71487223
MIP,659,3410035,19.37
LP,769,57,25.68142165
MIP,769,2958930,<BREAK>
LP,24,369,27.32701461
MIP,24,4573546,<BREAK>
LP,29,151,26.37276446
MIP,29,4588906,<BREAK>
LP,163,62,24.02557424
MIP,163,4617018,23.46
LP,685,53,26.35491598
MIP,685,3363879,18.67
LP,795,79,28.15170207
MIP,795,2939847,27.2
LP,644,45,18.13836213
MIP,644,3619832,17.66
LP,492,57,22.00924055
MIP,492,4231566,25.72
LP,493,60,26.15600586
MIP,493,4257873,25.72
LP,648,38,23.74231487
MIP,648,3671205,22.46
LP,650,41,22.22075215
MIP,650,3690139,22.46
LP,723,41,25.56320424
MIP,723,3402265,25.01
LP,669,60,20.59715554
MIP,669,3585312,20
LP,798,42,14.4206456
MIP,798,3048689,19.09
LP,801,42,26.50209848
MIP,801,3051747,19.09
LP,797,41,19.5948614
MIP,797,3069805,19.09
LP,800,68,20.83754081
MIP,800,3083181,19.31
LP,734,40,25.03467276
MIP,734,3394509,23.9
LP,736,37,18.60163008
MIP,736,3409897,23.9
LP,832,656,26.01906263
MIP,832,2994861,<BREAK>
LP,822,45,24.92454205
MIP,822,2994757,24.44
LP,739,102,23.68360435
MIP,739,3465408,23.48
LP,489,80,23.53222917
MIP,489,4489396,23.08
LP,831,36,20.37894027
MIP,831,3133068,19.51
LP,794,45,24.67922488
MIP,794,3268340,23.58
LP,314,124,26.25891167
MIP,314,5015174,25.5
LP,802,42,29.14829595
MIP,802,3287067,23.58
LP,486,780,23.79899435
MIP,486,4625555,23.21
LP,598,149,26.92370335
MIP,598,4236551,25.83
LP,389,63,25.77808477
MIP,389,5023943,<BREAK>
LP,892,38,25.99867112
MIP,892,3047572,25.05
LP,866,62,20.43326497
MIP,866,3116202,<BREAK>
LP,983,173,17.46452413
MIP,983,2454316,16.89
LP,867,52,19.76756788
MIP,867,3128527,<BREAK>
LP,993,48,18.45765291
MIP,993,2466650,16.89
LP,904,43,21.28805825
MIP,904,3019285,20.85
LP,862,1419,24.29945985
MIP,862,3137004,<BREAK>
LP,863,95,24.22777355
MIP,863,3138548,<BREAK>
LP,869,67,21.44346779
MIP,869,3138728,<BREAK>
LP,873,67,17.61632893
MIP,873,3140835,<BREAK>
LP,874,66,25.83341956
MIP,874,3142837,<BREAK>
LP,875,50,26.08099704
MIP,875,3144324,<BREAK>
LP,868,82,20.47788439
MIP,868,3146085,<BREAK>
LP,760,37,25.63904185
MIP,760,3633783,24.79
LP,872,70,19.8397376
MIP,872,3190013,<BREAK>
LP,871,64,24.97678453
MIP,871,3193218,<BREAK>
LP,495,49,25.1630584
MIP,495,4765004,<BREAK>
LP,585,74,22.33453132
MIP,585,4445041,21.32
LP,725,131,27.30710077
MIP,725,3902502,<BREAK>
LP,842,45,29.91501167
MIP,842,3380820,28.96
LP,809,48,20.17908784
MIP,809,3511811,19.45
LP,595,68,26.46839446
MIP,595,4428108,25.79
LP,439,80,22.85561943
MIP,439,5214873,22.51
LP,912,73,23.46215234
MIP,912,3201189,<BREAK>
LP,656,65,20.98404742
MIP,656,4318667,20.43
LP,765,45,23.07454353
MIP,765,3940831,22.09
LP,764,53,20.51223224
MIP,764,3970395,19.26
LP,788,43,23.82949701
MIP,788,3901648,22.83
LP,955,62,24.01302477
MIP,955,3162254,<BREAK>
LP,846,759,26.6201617
MIP,846,3769942,<BREAK>
LP,606,74,26.94237406
MIP,606,4815279,<BREAK>
LP,574,76,29.18508531
MIP,574,4940831,28.25
LP,792,69,26.33979495
MIP,792,4130596,25.89
LP,540,446,25.39405196
MIP,540,5287279,24.46
LP,938,57,19.5073288
MIP,938,3548627,21.33
LP,941,55,22.26824487
MIP,941,3554370,21.33
LP,706,226,20.3525093
MIP,706,4688846,19.38
LP,735,59,23.31925636
MIP,735,4571786,22.03
LP,649,72,21.83344019
MIP,649,4961715,20.71
LP,757,215,21.00954344
MIP,757,4629704,<BREAK>
LP,762,67,20.22372805
MIP,762,4744952,19.39
LP,639,359,25.62951986
MIP,639,5331276,<BREAK>
LP,812,75,27.39922343
MIP,812,4657041,<BREAK>
LP,709,61,21.89882195
MIP,709,5170957,21.41
LP,729,56,23.07418555
MIP,729,5148500,21.87
LP,803,730,22.72681468
MIP,803,4828451,21.83
LP,746,317,31.73597034
MIP,746,5210356,<BREAK>
LP,778,57,24.31153797
MIP,778,5287289,23.55
LP,965,115,25.75929308
MIP,965,4562305,24.93
LP,826,84,24.72223984
MIP,826,5347714,23.64
LP,958,234,21.56362354
MIP,958,4782783,20.1
LP,228,54,23.88580739
LP,252,76,20.93831431
MIP,252,85425,19.01
LP,738,57,21.72646758
MIP,738,257020,16
LP,661,47,29.82228545
MIP,661,260160,16
LP,686,44,20.96081387
MIP,686,260270,16
LP,687,53,16.66208915
MIP,687,260324,16
LP,725,65,27.30710077
MIP,725,260356,16
LP,684,55,27.02891766
MIP,684,269147,16
LP,250,48,21.60723305
MIP,250,322487,21.2
LP,869,67,21.44346779
MIP,869,321372,19.71
LP,362,52,19.35826828
MIP,362,352466,17.75
LP,350,67,23.76361533
MIP,350,406618,23.06
LP,373,57,28.15135781
MIP,373,419814,18.94
LP,388,66,19.44727034
MIP,388,429927,18.94
LP,248,78,21.03824515
MIP,248,501671,20.51
LP,873,40,17.61632893
MIP,873,502251,16.09
LP,406,63,31.22006066
MIP,406,599158,30.76
LP,872,47,19.8397376
MIP,872,717171,18.76
LP,653,55,20.50850476
MIP,653,715180,21.91
LP,366,56,26.53380449
MIP,366,1023525,25.3
LP,567,180,25.42986318
MIP,567,1223203,25.12
LP,453,55,21.14115147
MIP,453,1345351,20.56
LP,824,45,20.03844932
MIP,824,1442010,19.22
LP,979,41,23.33887991
MIP,979,1524068,23.09
LP,182,44,24.62457
MIP,182,1594746,23.36
LP,862,55,24.29945985
MIP,862,1598122,23.32
LP,875,48,26.08099704
MIP,875,1655006,24.07
LP,871,45,24.97678453
MIP,871,1668716,24.07
LP,868,41,20.47788439
MIP,868,1686470,19.7
LP,717,137,22.8567096
MIP,717,1921582,21.99
LP,204,39,22.93009215
MIP,204,2351111,20.28
LP,867,50,19.76756788
MIP,867,2343668,19.3
LP,187,58,19.87411977
MIP,187,2393467,20.28
LP,236,36,21.42706752
MIP,236,2397555,20.28
LP,234,44,23.12600478
MIP,234,2409075,20.28
LP,194,36,21.76606468
MIP,194,2419527,20.28
LP,874,40,25.83341956
MIP,874,2488228,24.72
LP,878,38,20.09840532
MIP,878,2507180,19.83
LP,570,50,25.71364813
MIP,570,2515678,25.21
LP,637,48,20.93266288
MIP,637,2673824,20.03
LP,156,39,22.25854431
MIP,156,2863391,21.16
LP,384,57,23.67594486
MIP,384,3159697,22.45
LP,279,52,25.77401719
MIP,279,3236967,25.07
LP,643,63,24.30359428
MIP,643,3390794,23.8
LP,86,40,21.84137628
MIP,86,3686309,21.22
LP,349,1250,24.50602332
MIP,349,3684931,<BREAK>
LP,750,74,27.38098848
MIP,750,3680520,<BREAK>
LP,832,58,26.01906263
MIP,832,3943296,<BREAK>
LP,689,217,19.94552104
MIP,689,4059152,<BREAK>
LP,761,77,24.63269704
MIP,761,4160766,<BREAK>
LP,784,71,23.5171217
MIP,784,4167567,<BREAK>
LP,239,77,24.10576319
MIP,239,4235249,23.91
LP,217,72,23.05604387
MIP,217,4245124,23.91
LP,238,83,24.82270976
MIP,238,4260296,23.91
LP,188,60,26.64538993
MIP,188,4279878,23.91
LP,24,70,27.32701461
MIP,24,4336462,20.79
LP,7,86,21.48543955
MIP,7,4371934,20.79
LP,93,55,27.5085408
MIP,93,4376620,20.79
LP,133,64,23.57522573
MIP,133,4396071,20.79
LP,955,60,24.01302477
MIP,955,4831051,<BREAK>
LP,231,67,21.4991931
MIP,231,4860631,22.82
LP,920,78,24.58038993
MIP,920,4898056,24.07
LP,94,60,25.49391284
MIP,94,4912442,24.9
LP,934,56,24.67787609
MIP,934,4946738,24.3
LP,912,85,23.46215234
MIP,912,4973265,22.66
LP,830,62,25.83186405
MIP,830,5037224,24.76
LP,20,72,24.11912131
MIP,20,5331807,21.54
LP,698,115,20.75816757
MIP,698,5355813,20.31
LP,50,61,21.76297644
MIP,50,5371485,21.54
LP,167,72,27.37474226
MIP,167,5403386,21.54
LP,757,83,21.00954344
MIP,757,5458456,<BREAK>
LP,759,64,27.32671362
MIP,759,5709220,<BREAK>
LP,846,76,26.6201617
MIP,846,5784506,<BREAK>
LP,713,60,25.16228243
MIP,713,6258812,24.63
LP,863,116,24.22777355
MIP,863,6365354,23.8
LP,552,90,22.28213311
MIP,552,6380512,21.86
LP,328,70,25.81299635
MIP,328,6505323,24.83
LP,777,58,21.7953031
MIP,777,6539712,<BREAK>
LP,177,57,20.91289409
MIP,177,6609886,26.71
LP,327,125,25.77285585
MIP,327,6664389,25.37
LP,5,61,21.90943456
MIP,5,6712220,<BREAK>
LP,154,74,27.80450129
MIP,154,6727240,<BREAK>
LP,812,88,27.39922343
MIP,812,6771318,<BREAK>
LP,245,60,25.98994732
MIP,245,6829673,25.64
LP,817,59,21.73014951
MIP,817,6906758,<BREAK>
LP,769,49,25.68142165
MIP,769,6916112,<BREAK>
LP,198,58,23.56890489
MIP,198,6946764,22.66
LP,179,65,28.13241882
MIP,179,6963801,23.24
LP,737,43,22.06881805
MIP,737,490295,21.12
LP,817,266,21.73014951
MIP,817,568489,21.55
LP,866,59,20.43326497
MIP,866,720439,19.86
LP,815,58,24.95732039
MIP,815,3622396,23.62
LP,5,61,21.90943456
MIP,5,3698105,20.84
LP,29,88,26.37276446
MIP,29,4331066,31.34
LP,336,67,31.88261592
MIP,336,4361664,31.34
LP,228,64,23.88580739
MIP,228,4653047,23.02
LP,178,65,27.14496485
MIP,178,4716967,23.41
LP,403,63,24.52773821
MIP,403,4727349,23.41
LP,542,239,23.21762505
MIP,542,4793174,22.81
LP,485,65,22.57571149
MIP,485,4800577,22.81
LP,692,59,23.65212948
MIP,692,4814585,22.81
LP,456,73,28.39458217
MIP,456,4832092,22.81
LP,777,1074,21.7953031
MIP,777,8570101,21.44
LP,411,326,24.41849556
LP,441,55,25.12414008
MIP,411,8640533,<BREAK>
MIP,441,8641844,<BREAK>
LP,190,3024,30.01626302
MIP,190,8641123,<BREAK>
LP,197,3056,24.71241795
MIP,197,8641388,<BREAK>
LP,413,85,23.55199859
MIP,413,8644618,<BREAK>
LP,363,110,24.71728848
MIP,363,8647292,<BREAK>
LP,153,86,24.05806156
MIP,153,8652479,<BREAK>
LP,349,97,24.50602332
MIP,349,8652761,<BREAK>
LP,389,69,25.77808477
MIP,389,8653006,<BREAK>
LP,37,61,23.68646749
MIP,37,8654785,<BREAK>
LP,154,64,27.80450129
MIP,154,8667235,<BREAK>
LP,549,196,26.00251681
MIP,549,8741084,<BREAK>
LP,708,129,23.10413911
MIP,708,8744342,<BREAK>
LP,446,72,25.32699268
MIP,446,8745421,<BREAK>
LP,605,74,25.32576024
MIP,605,8745313,<BREAK>
LP,592,72,27.03689466
MIP,592,8745920,<BREAK>
LP,599,77,21.39548675
MIP,599,8750202,<BREAK>
LP,740,190,25.90202902
MIP,740,8756495,<BREAK>
LP,495,56,25.1630584
MIP,495,8759995,<BREAK>
LP,639,56,25.62951986
MIP,639,8760190,<BREAK>
LP,732,58,25.50000518
MIP,732,8761238,<BREAK>
LP,750,70,27.38098848
MIP,750,8766694,<BREAK>
LP,606,62,26.94237406
MIP,606,8765990,<BREAK>
LP,746,71,31.73597034
MIP,746,8767111,<BREAK>
LP,689,127,19.94552104
MIP,689,8770732,<BREAK>
LP,742,67,28.68953781
MIP,742,8773760,<BREAK>
LP,769,79,25.68142165
MIP,769,9205764,<BREAK>
LP,841,334,25.67585814
MIP,841,10131479,<BREAK>
LP,787,81,25.45059377
MIP,787,10416160,24.6
LP,846,72,26.6201617
MIP,846,11149633,<BREAK>
LP,793,101,23.86361066
MIP,793,13291195,23.1
LP,784,383,23.5171217
MIP,784,14960419,<BREAK>
LP,955,62,24.01302477
MIP,955,15015111,<BREAK>
LP,812,100,27.39922343
MIP,812,15122822,27.21
LP,761,74,24.63269704
MIP,761,17345453,24.34
LP,757,556,21.00954344
MIP,757,17387889,<BREAK>
GD2,21,452367,infeasible.
GD2,251,566311,infeasible.
GD2,169,593853,16.89
GD2,302,620671,ray.
GD2,45,50593,infeasible.
GD2,147,236868,infeasible.
GD2,65,240453,infeasible.
GD2,10,310701,infeasible.
GD2,162,340552,infeasible.
GD2,21,444506,infeasible.
GD2,100,857546,infeasible.
GD2,87,920618,20.75
GD2,59,1182262,17.07
GD2,18,1203086,22.36
GD2,97,1276939,19.29
GD2,11,1368193,17.68
GD2,33,1391531,18.86
GD2,88,1445150,24.42
GD2,19,1474535,ray.
GD2,63,1491267,infeasible.
GD2,405,1164045,15.79
GD2,287,1549991,16.14
GD2,36,1560456,18.9
GD2,48,1608261,20.35
GD2,22,1614577,19.45
GD2,96,1614347,18.08
GD2,83,1640452,infeasible.
GD2,31,1670962,14.6
GD2,385,1701336,16.01
GD2,35,1788248,18.63
GD2,41,1812202,19.6
GD2,169,1838208,16.89
GD2,69,1849834,19.9
GD2,351,1853626,infeasible.
GD2,43,1910383,20.06
GD2,30,1928575,23.77
GD2,421,562924,21.32
GD2,15,2031351,ray.
GD2,12,2074063,19.98
GD2,62,2094506,17
GD2,8,2161955,21.06
GD2,40,2171449,23.96
GD2,44,2240648,21.6
GD2,49,2245043,21.45
GD2,56,2273966,20.83171349
GD2,230,2280585,21.41
GD2,54,2300279,17.64
GD2,53,2310530,18.22
GD2,60,2316612,18.63
GD2,367,2318228,infeasible.
GD2,225,2375670,22.8
GD2,128,2524803,17.01
GD2,387,2557382,17.11
GD2,34,2571269,18.73
GD2,89,2640383,20.9
GD2,50,2647881,20.82
GD2,95,2663720,19.92
GD2,445,695171,infeasible.
GD2,103,2725113,infeasible.
GD2,64,2766282,18.75
GD2,14,2925017,20.3
GD2,251,2934886,infeasible.
GD2,422,1541734,23.01
GD2,294,2996158,20.41
GD2,26,3004562,22.53
GD2,457,684799,16.01
GD2,58,3033663,22.48
GD2,25,3038426,22.96
GD2,39,3105799,20.47
GD2,29,3125869,25.46
GD2,117,3126278,16.84
GD2,32,3137853,23.17
GD2,71,3157110,21.96
GD2,356,3177874,15.47
GD2,93,3187020,24.42
GD2,78,3217334,22.68
GD2,423,1784436,19.22
GD2,61,3259136,20.05
GD2,79,3321113,20.22
GD2,38,3366357,infeasible.
GD2,362,3374887,16.82
GD2,429,1773183,20.47
GD2,90,3457057,20.85
GD2,424,1975703,22.67
GD2,435,1788537,21.44
GD2,81,3517745,22.9
GD2,86,3517415,20.79
GD2,24,3524333,26.49
GD2,436,1681967,17.29
GD2,464,1022605,16.69
GD2,403,3346268,infeasible.
GD2,463,1126182,infeasible.
GD2,73,3683500,22.59
GD2,434,2016665,18.92
GD2,13,3736038,26.66
GD2,375,3862345,15.54
GD2,122,3886566,16.29
GD2,72,3888755,20.63
GD2,219,3890656,16.36
GD2,74,3936189,16.62
GD2,438,2099551,22.52
GD2,344,4001121,14.34
GD2,164,4045301,21.05
GD2,472,1137397,18.94
GD2,442,2160425,24.73
GD2,477,1080854,23.5
GD2,105,4105858,17.01
GD2,461,1768901,17.05
GD2,75,4176462,23.15
GD2,475,1179772,infeasible.
GD2,92,4205845,24.72
GD2,98,4212706,19.07
GD2,150,4222217,22.41
GD2,499,754591,18.2
GD2,428,2711402,18.16
GD2,420,2890498,19.87
GD2,116,4310827,15.76
GD2,425,2853232,infeasible.
GD2,501,849794,18.14
GD2,322,4394665,17.1
GD2,94,4403356,24.28
GD2,343,4405447,21.71
GD2,361,4413124,23.16
GD2,206,4418119,17.93
GD2,66,4450000,infeasible.
GD2,130,4457924,22.25
GD2,312,4464487,20.32
GD2,126,4472687,19.4
GD2,409,3951845,infeasible.
GD2,212,4570173,14.83
GD2,439,2748556,21.91
GD2,507,942732,infeasible.
GD2,512,772595,infeasible.
GD2,465,2050353,19.7
GD2,473,1734932,15.85
GD2,505,1064943,19.66
GD2,407,4227729,infeasible.
GD2,275,4737467,infeasible.
GD2,462,2234174,19.13
GD2,194,4777120,infeasible.
GD2,482,1643419,infeasible.
GD2,437,2991845,21.03
GD2,391,4836596,infeasible.
GD2,192,4841439,19.48
GD2,520,796472,13.34
GD2,99,4903048,22.54
GD2,261,4931202,17.82
GD2,222,4932179,18.59
GD2,521,859297,15.91
GD2,119,4964089,18.03
GD2,360,4982442,21.45
GD2,68,4986474,21.77
GD2,200,4997112,21.12
GD2,381,4995690,19.44
GD2,398,5014671,17.77
GD2,132,5024904,20.15
GD2,140,5029683,15.9
GD2,357,5063260,20.16
GD2,220,5065097,19.76
GD2,426,3618155,21.71
GD2,506,1466128,13.05
GD2,548,602998,18.77
GD2,101,5313999,18.51
GD2,504,1712748,21.85
GD2,579,331210,infeasible.
GD2,483,2284078,infeasible.
GD2,587,3552,infeasible.
GD2,393,5474959,20.4
GD2,107,5480758,17.82
GD2,514,1573957,19.35
GD2,113,5499710,22.67
GD2,123,5504164,infeasible.
GD2,3,5512439,19.89
GD2,70,5527813,18.46
GD2,474,2521300,21.8
GD2,368,5528270,18.95
GD2,223,5551006,26.55
GD2,125,5555680,19.77
GD2,500,2024058,17.34
GD2,531,1302042,21.68
GD2,478,2562764,17.23
GD2,479,2563961,18.38
GD2,517,1625431,17.21
GD2,149,5607029,25.44
GD2,348,5671155,20.75
GD2,562,850062,ray.
GD2,165,5697697,25.22
GD2,182,5701716,22.46
GD2,447,3642436,infeasible.
GD2,440,3861909,18.99
GD2,20,5765818,22.07
GD2,399,5765614,19.8
GD2,560,1011992,19.4
GD2,516,1868758,infeasible.
GD2,104,5806921,infeasible.
GD2,137,5816799,23.41
GD2,183,5822746,22.4
GD2,102,5853699,21.09
GD2,406,5497575,30.63
GD2,471,3069119,20.26
GD2,430,4242335,22.75
GD2,557,1171638,22.57
GD2,578,825111,infeasible.
GD2,519,1867769,21.98
GD2,502,2375932,21.06
GD2,176,5937199,20.43
GD2,214,5976570,14.03
GD2,365,6007624,22.72
GD2,470,3299207,22.06
GD2,342,6041933,infeasible.
GD2,510,2319866,21.16
GD2,235,6068570,18.1
GD2,448,3988516,19.96
GD2,459,3784221,19.69
GD2,159,6144608,19.75
GD2,532,1855467,20.61
GD2,189,6161260,21.71
GD2,250,6164155,infeasible.
GD2,498,2683749,23.93
GD2,106,6239818,22.91
GD2,331,6241011,22.41
GD2,556,1559567,15.36
GD2,210,6286692,18.9
GD2,561,1566552,19.89
GD2,527,2192063,24.4
GD2,581,1278674,16.95
GD2,511,2654337,24.24
GD2,307,6459913,infeasible.
GD2,270,6461892,17.1
GD2,37,6464967,23.34
GD2,642,261079,infeasible.
GD2,536,2048732,18.96
GD2,515,2554354,infeasible.
GD2,139,6561015,15.91
GD2,257,6568708,23.22
GD2,476,3561228,17.87
GD2,551,1948345,infeasible.
GD2,309,6611616,20.24
GD2,131,6646481,22.23
GD2,333,6659046,infeasible.
GD2,570,1677116,24.57
GD2,545,2223865,19.23
GD2,573,1698374,infeasible.
GD2,243,6737900,infeasible.
GD2,118,6775902,24.64
GD2,201,6785549,19.22
GD2,372,6827684,19.89
GD2,330,6838387,24.35
GD2,191,6870049,20.63
GD2,534,2554494,19.74
GD2,109,6880454,23.98
GD2,392,6882444,20.76
GD2,431,5264721,24.75
GD2,656,448551,19.87
GD2,540,2551857,23.68
GD2,645,715795,19.63
GD2,450,4794479,26.39
GD2,639,875376,25.25
GD2,543,2595942,23.32
GD2,526,2902523,17.21
GD2,537,2719147,18.61
GD2,528,2970829,19.46
GD2,346,7188595,20.28
GD2,467,4555546,19.35
GD2,121,7233881,20.26
GD2,202,7304265,23.82
GD2,563,2482226,21.85
GD2,155,7348731,18.552845
GD2,418,6127317,17.79
GD2,550,2759616,18.95
GD2,509,3735290,20.37
GD2,188,7479991,26.36
GD2,522,3437670,21.39
GD2,588,2057849,infeasible.
GD2,252,7598656,18.51
GD2,397,7656135,20.25
GD2,655,1190553,19.13
GD2,630,1665651,18.38
GD2,652,1225386,18.9071161
GD2,682,785331,19.48
GD2,659,1244685,19.14
GD2,142,7724839,24.64
GD2,236,7725378,19.7
GD2,585,2351229,21.46
GD2,646,1545167,22.22
GD2,518,3838417,19.51
GD2,152,7874803,23.29
GD2,136,7887847,16.44
GD2,687,900046,14.86
GD2,635,1820770,17.85
GD2,575,2907528,19.13
GD2,583,2681359,19.52
GD2,636,1802940,25.18
GD2,369,7970067,19.83
GD2,633,1902656,infeasible.
GD2,213,7972764,infeasible.
GD2,160,7978512,18.36
GD2,503,4451272,19.95
GD2,654,1526334,23.98
GD2,704,434568,19.81
GD2,580,2885677,18.14
GD2,484,4849688,22.83
GD2,665,1392336,16.35
GD2,127,8074797,20.79
GD2,181,8088449,infeasible.
GD2,670,1373868,15.76
GD2,567,3143556,23.69
GD2,673,1373822,16.26
GD2,539,3720151,18.57
GD2,638,2021110,20.7
GD2,490,4970117,25.96
GD2,710,555372,infeasible.
GD2,198,8254757,21.82
GD2,451,6079319,21.12
GD2,634,2208960,infeasible.
GD2,175,8312323,21.91
GD2,553,3633337,infeasible.
GD2,632,2290270,18.36
GD2,481,5194429,16.36
GD2,289,8366876,20.82
GD2,217,8443154,21.98
GD2,207,8522188,18.11
GD2,400,8548041,21.29
GD2,576,3476638,19.53
GD2,658,2119333,23.54
GD2,739,458532,infeasible.
GD2,416,7453747,15.81
GD2,680,1738664,infeasible.
GD2,571,3643665,20.36
GD2,552,4007874,21.68
GD2,110,8666714,15.15
GD2,675,1875655,18.02
GD2,696,1353468,18.42
GD2,666,2000135,21.54
GD2,702,1211892,infeasible.
GD2,736,621875,16.93269756
GD2,337,8716107,ray.
GD2,631,2686152,23.13
GD2,691,1577400,18.48
GD2,297,8738974,infeasible.
GD2,231,8779629,20.38
GD2,745,512195,infeasible.
GD2,700,1444493,21.95
GD2,146,8916043,18.39
GD2,568,3992494,22.54
GD2,569,4019318,21.72
GD2,535,4600067,24.01
GD2,681,2103721,20.14
GD2,224,9058429,18.47
GD2,174,9103543,<BREAK>
GD2,720,1179439,20.6
GD2,366,9117047,24.97572726
GD2,660,2535865,21.5
GD2,218,9145465,22.03
GD2,726,1170743,infeasible.
GD2,171,9159519,23.03
GD2,494,5763484,infeasible.
GD2,529,4947244,21.78
GD2,749,841452,15.16
GD2,651,2723507,22.36
GD2,719,1272717,19.52337808
GD2,679,2303459,20.96
GD2,141,9202706,infeasible.
GD2,672,2504473,15.46
GD2,533,4966591,24.88
GD2,647,2968267,15.6
GD2,644,3013007,16.87
GD2,178,9299842,25.71
GD2,339,9302462,17.87
GD2,713,1576989,23.53
GD2,221,9384074,22.73
GD2,669,2675980,19.56
GD2,798,236936,infeasible.
GD2,685,2455225,25.11
GD2,678,2557718,18.39
GD2,650,3060355,21.4
GD2,688,2437326,23.49
GD2,668,2799385,19.12
GD2,495,6075516,23.72
GD2,615,3760443,18.18
GD2,752,1147661,17.9
GD2,193,9609436,20.88
GD2,574,4620694,28.05
GD2,741,1521219,18.73
GD2,538,5303940,23.39
GD2,663,3112129,18.28
GD2,671,2993124,18.67
GD2,1,9783606,17.77
GD2,524,5689890,23.07
GD2,699,2563365,24.91
GD2,731,1959170,infeasible.
GD2,298,10004057,20.18
GD2,600,4398536,17.25
GD2,625,4116132,12.73
GD2,730,2018021,infeasible.
GD2,824,384749,infeasible.
GD2,624,4197961,15.75
GD2,684,3170849,26.36
GD2,340,10134414,infeasible.
GD2,396,10166460,21.47
GD2,690,3107209,22.5
GD2,695,2977324,23.85
GD2,401,10188873,21.06
GD2,724,2287510,15.96
GD2,302,10284915,20.91
GD2,805,992871,17.17
GD2,786,1182023,19.26
GD2,762,1664367,19.12
GD2,716,2449875,19.94
GD2,777,1524130,20.7
GD2,764,1635228,18.42
GD2,783,1343144,17.07
GD2,715,2534320,18.13
GD2,145,10387924,18.9
GD2,707,2727446,infeasible.
GD2,782,1420102,15.65
GD2,686,3426085,18.13
GD2,205,10441272,22.6
GD2,285,10453239,15.71
GD2,765,1763471,21.67
GD2,706,2842009,18.47
GD2,604,4897972,14.11
GD2,627,4611874,16.12
GD2,643,4424770,23.2
GD2,753,2191852,19.93
GD2,852,391842,18.59
GD2,262,10744290,21.68
GD2,714,3044310,19.89
GD2,260,10781449,19.7
GD2,769,2068599,25.11
GD2,350,10817556,22.86
GD2,818,1267038,19.86
GD2,395,10855582,18.97
GD2,674,4081735,17.11
GD2,546,6424651,20.93334634
GD2,722,3016971,23.55
GD2,763,2353574,20.64
GD2,799,1791475,20.04
GD2,806,1705972,18.6
GD2,717,3157608,20.27
GD2,833,1054746,17.52
GD2,838,939638,20.08
GD2,264,11093225,22.62
GD2,756,2539081,17.44
GD2,767,2433901,20.28
GD2,703,3605586,infeasible.
GD2,744,2898848,19.08
GD2,785,2093632,17.29
GD2,801,1921355,24.44
GD2,809,1810964,infeasible.
GD2,768,2530364,21.97
GD2,721,3288567,16.87
GD2,851,908721,infeasible.
GD2,864,651192,17.48
GD2,796,2096105,infeasible.
GD2,797,2107165,18.06
GD2,795,2160573,26.62
GD2,215,11339310,19.8
GD2,866,685605,infeasible.
GD2,729,3363212,infeasible.
GD2,848,1087070,21.28
GD2,676,4574455,23.4
GD2,332,11427414,21.03
GD2,487,8192405,16.05
GD2,814,2002382,19.55
GD2,2,11495682,20.21
GD2,842,1259274,27.16
GD2,565,6626122,22.06
GD2,802,2264549,27.52
GD2,143,11587118,<BREAK>
GD2,698,4303494,19.74
GD2,232,11669408,18.27
GD2,359,11675842,19.67
GD2,590,6196059,21.67
GD2,240,11737678,22.19
GD2,163,11750724,23.01
GD2,813,2286020,20.85
GD2,603,6144743,22.04549599
GD2,28,11766022,<BREAK>
GD2,804,2513063,18.38
GD2,712,4083712,24.38
GD2,913,164759,infeasible.
GD2,377,11844158,18.51
GD2,859,1382034,17.19
GD2,817,2361748,infeasible.
GD2,876,1002231,23.85
GD2,161,11985244,22.39
GD2,888,817871,17.36
GD2,854,1574983,24.59
GD2,819,2412069,21.74
GD2,853,1659996,20.82
GD2,622,6149383,15.33
GD2,837,1937719,infeasible.
GD2,780,3132026,25.85
GD2,723,4152674,infeasible.
GD2,873,1267057,15.32
GD2,742,3870482,27.28
GD2,776,3356066,24.49
GD2,382,12200360,20.24
GD2,807,2874763,21.82
GD2,770,3520372,20.91
GD2,861,1768771,15.77
GD2,850,1909839,14.56
GD2,555,7585345,18.79
GD2,743,4019462,18.81
GD2,761,3682323,23.97
GD2,755,3783718,23.57
GD2,286,12322383,18.76
GD2,858,1873950,infeasible.
GD2,778,3470382,infeasible.
GD2,689,5271237,18.6
GD2,826,2619070,23.19
GD2,379,12363394,21.69
GD2,883,1306328,19.49
GD2,923,579483,infeasible.
GD2,4,12442077,infeasible.
GD2,902,1022142,21.81
GD2,177,12465754,20.18
GD2,844,2202163,21.74
GD2,868,1742582,19.43
GD2,611,6774701,24.51
GD2,196,12516922,23.37
GD2,849,2210828,20.24
GD2,772,3797990,22.34
GD2,835,2474519,22.18
GD2,408,11995531,20.44
GD2,432,10924748,<BREAK>
GD2,296,12594213,21.76
GD2,389,12626419,24.36
GD2,884,1534917,20.28
GD2,792,3503506,25.51
GD2,856,2243178,21.53
GD2,855,2282980,22.31
GD2,390,12705366,20.12
GD2,559,7942150,17.73
GD2,244,12737668,19.9
GD2,830,2802518,23.38
GD2,900,1401863,17.58
GD2,544,8297349,21.85
GD2,815,3274357,22.91
GD2,881,1710511,17.90986296
GD2,829,2940562,23.32
GD2,771,4051557,23.02
GD2,863,2284874,23.36
GD2,877,1856768,16.8
GD2,947,560584,18.91
GD2,845,2555821,22.75
GD2,910,1373823,18.41
GD2,775,4119698,16.2
GD2,890,1714781,21.43
GD2,946,681336,infeasible.
GD2,248,12986437,20.15
GD2,887,1842297,ray.
GD2,228,13027847,22.94
GD2,620,7178826,22.99
GD2,779,4103841,22.43
GD2,757,4565345,20.46
GD2,329,13147390,19.5
GD2,5,13183849,20.58
GD2,148,13196008,20.74
GD2,455,10908216,18.88
GD2,197,13217465,24.1
GD2,897,1938885,infeasible.
GD2,748,4949289,infeasible.
GD2,607,7559418,15.27
GD2,592,7756250,26.37
GD2,914,1645986,17.52
GD2,229,13359445,21.72
GD2,692,6168653,22.26
GD2,831,3353990,18.87
GD2,803,4112689,21.71
GD2,732,5352767,23.57
GD2,909,1892566,18.03
GD2,284,13515799,19.5
GD2,938,1366543,18.05
GD2,589,8087252,25.3
GD2,793,4455363,22.35
GD2,928,1636334,19.65
GD2,988,775804,18.11
GD2,896,2369101,infeasible.
GD2,867,2941778,19.27
GD2,997,668377,infeasible.
GD2,865,3085692,19.45
GD2,268,13744958,17.59
GD2,737,5631054,21.82
GD2,992,828802,25.26
GD2,879,2768760,19.39
GD2,891,2562927,20.34
GD2,872,2954475,infeasible.
GD2,917,2071001,21.46
GD2,922,2017901,14
GD2,468,11178545,22.27
GD2,975,1156916,infeasible.
GD2,419,12595598,20.22
GD2,880,2891961,15.92
GD2,973,1289039,infeasible.
GD2,925,2117196,24.45
GD2,728,5987002,23.01204784
GD2,153,14029808,23.21
GD2,970,1515811,infeasible.
GD2,952,1762569,21.72
GD2,963,1597921,16.48
GD2,870,3361838,19.13
GD2,968,1615802,17.95
GD2,976,1468237,21.45
GD2,791,5035056,20.23
GD2,882,3128745,20.51
GD2,978,1483483,18.6
GD2,906,2741680,infeasible.
GD2,944,1992633,19.16
GD2,878,3249724,infeasible.
GD2,935,2180791,22.19
GD2,320,14274344,19.43
GD2,949,1971064,17.69
GD2,977,1595730,15.94
GD2,76,14326839,<BREAK>
GD2,209,14326220,<BREAK>
GD2,953,1970092,22.52
GD2,394,14333337,21.38
GD2,967,1772957,21.69
GD2,718,6446528,17.92
GD2,916,2607676,infeasible.
GD2,860,3907598,22.13
GD2,908,2888116,21.11
GD2,980,1630940,20.14
GD2,892,3174976,24.47
GD2,124,14421612,22.5
GD2,841,4217076,24.78
GD2,931,2436887,26.19
GD2,951,2076978,infeasible.
GD2,271,14444205,19.81
GD2,862,3927768,infeasible.
GD2,417,13271745,21.58
GD2,960,2016973,22.25
GD2,402,14400394,21.11
GD2,598,8961180,24.96
GD2,919,2741154,17.73
GD2,760,5921136,24.93
GD2,981,1782761,24.18
GD2,241,14570264,infeasible.
GD2,871,3791902,23.43
GD2,996,1632703,19.19
GD2,958,2217667,19.98
GD2,941,2461483,infeasible.
GD2,628,8720081,21.47
GD2,903,3264896,21.94
GD2,971,2060475,20.26
GD2,371,14732205,22.65
GD2,966,2194124,20.27
GD2,894,3475979,21.96
GD2,345,14765454,19.41
GD2,443,12828377,<BREAK>
GD2,258,14787385,24.68
GD2,77,14799881,<BREAK>
GD2,784,5773592,21.57
GD2,613,9067496,27.43
GD2,999,1830044,19.81
GD2,937,2783547,17.51
GD2,304,14956184,19.92
GD2,242,14966429,16.4
GD2,154,14968344,27
GD2,787,5868842,24.33
GD2,318,14987544,18.72
GD2,957,2535596,24.4
GD2,924,3244093,19.11
GD2,940,2949067,22.6
GD2,186,15136848,<BREAK>
GD2,915,3451351,infeasible.
GD2,893,3977492,17.57
GD2,621,9415091,22.55
GD2,912,3611177,22.17
GD2,907,3797084,21.1
GD2,994,2313617,25.32
GD2,962,2918863,19.46
GD2,606,9796124,24.43
GD2,300,15476043,infeasible.
GD2,950,3150362,21.25
GD2,926,3560024,infeasible.
GD2,238,15556568,23.66
GD2,173,15626022,23.93
GD2,954,3312351,19.56
GD2,995,2686407,20.78
GD2,283,15768960,22.09
GD2,825,6034433,17.72
GD2,280,15787418,16.39
GD2,932,3775907,19.71
GD2,930,3822265,18.42
GD2,816,6302585,19.97
GD2,317,15835898,19.48
GD2,746,7544187,30.1
GD2,239,15855233,22.41
GD2,934,3777496,23.79
GD2,313,15934383,<BREAK>
GD2,380,15935545,infeasible.
GD2,594,10395994,20.97
GD2,875,5129563,25.35
GD2,449,13912755,<BREAK>
GD2,918,4303185,23.44
GD2,593,10542584,20.51
GD2,982,3343276,17.3
GD2,496,12619151,22.19
GD2,185,16141682,22.58
GD2,335,16173144,25.08
GD2,998,3121322,27.53
GD2,305,16190400,21.3
GD2,979,3476837,22.83
GD2,886,5127682,24.29
GD2,889,5149772,20.84
GD2,834,6285815,24.99
GD2,905,4901795,19.31
GD2,256,16432385,<BREAK>
GD2,80,16489262,<BREAK>
GD2,601,10915282,21.68
GD2,943,4276979,23.7
GD2,773,7787508,28.85
GD2,747,8407829,17.07
GD2,623,10847595,24.07
GD2,204,16779988,20.75
GD2,310,16838989,20
GD2,326,16866387,19.68
GD2,446,14817107,<BREAK>
GD2,334,16912226,<BREAK>
GD2,277,16936926,infeasible.
GD2,254,16956472,23.08
GD2,558,12206914,20.17
GD2,614,11182964,24.77
GD2,965,4494637,24.29
GD2,167,17047071,26.61
GD2,969,4453221,17.79
GD2,956,4714013,21.58
GD2,984,4361817,18.2
GD2,55,17181838,<BREAK>
GD2,586,11775316,19.5
GD2,291,17279663,24.1
GD2,151,17438892,24.99
GD2,857,7028020,20.25
GD2,987,4761000,23.19
GD2,489,14353596,23.18
GD2,955,5399717,22.73
GD2,279,17793565,24.4
GD2,293,17844329,19.03
GD2,582,12687196,<BREAK>
GD2,414,17027759,20.63
GD2,452,15641069,21.97
GD2,433,16289662,<BREAK>
GD2,821,8418398,<BREAK>
GD2,933,6073048,18.86
GD2,617,12505822,23.23
GD2,985,5599729,18.73
GD2,629,12512447,21.37
GD2,591,12992486,<BREAK>
GD2,597,12948198,22.36
GD2,547,14081234,<BREAK>
GD2,974,5980972,23.94
GD2,939,6615352,29.53
GD2,609,13121678,<BREAK>
GD2,774,10440161,infeasible.
GD2,549,14650902,<BREAK>
GD2,554,14595534,19.87
GD2,577,14293423,20
GD2,491,16106234,21.71
GD2,626,13594506,20.44
GD2,488,16286838,16.98
GD2,766,10876524,<BREAK>
GD2,904,8178554,20.73
GD2,454,17320569,24.42
GD2,993,6683307,infeasible.
GD2,599,14108507,20.77
GD2,811,10384482,21.02
GD2,649,13476498,<BREAK>
GD2,648,13755739,<BREAK>
GD2,738,12010526,19.69
GD2,983,7379073,16.89
GD2,662,14054040,<BREAK>
GD2,972,8167164,<BREAK>
GD2,751,12459070,26.34
GD2,874,10095930,<BREAK>
GD2,508,17433909,<BREAK>
GD2,694,14191711,23.92
GD2,800,12445196,<BREAK>
GD2,810,12583525,infeasible.
GD2,640,15893911,<BREAK>
GD2,901,10683780,20.96
GD2,610,16360782,<BREAK>
GD2,790,12952951,18.63
GD2,828,12450363,25.22
GD2,927,10269172,<BREAK>
GD2,920,10534982,23.91
GD2,683,15398366,<BREAK>
GD2,921,10809814,17.36
GD2,820,13187236,<BREAK>
GD2,758,14269943,<BREAK>
GD2,986,10035327,<BREAK>
GD2,961,10572765,<BREAK>
GD2,808,14411448,<BREAK>
GD2,885,13400646,<BREAK>
GD2,788,16409144,<BREAK>
GD2,843,17213641,18.99
GD2,942,16233751,<BREAK>
GD2,899,17172639,<BREAK>
GD2,948,17866203,<BREAK>
