param p := 100;
param n := 9;
param e := 18;
param s := 100;

param	A: 1 2 3 4 5 6 7 8 9:=
		1	 1 0 0 0 0 0 0 0 0
		2	 0 0 0 1 0 0 0 0 0
		3	 0 0 0 0 0 0 1 0 0
		4	 0 0 0 0 0 0 0 1 0
		5	 0 0 0 1 0 0 0 0 0
		6	 1 0 0 0 0 0 0 0 0
		7	 0 0 0 0 0 0 0 1 0
		8	 0 0 0 0 1 0 0 0 0
		9	 0 1 0 0 0 0 0 0 0
		10	 0 0 1 0 0 0 0 0 0
		11	 0 0 0 0 0 1 0 0 0
		12	 1 0 0 0 0 0 0 0 0
		13	 0 0 0 0 1 0 0 0 0
		14	 0 0 1 0 0 0 0 0 0
		15	 0 0 0 0 0 0 1 0 0
		16	 0 0 0 0 1 0 0 0 0
		17	 0 0 0 0 0 0 0 1 0
		18	 0 0 0 0 1 0 0 0 0;

param	B: 1 2 3 4 5 6 7 8 9:=
		1	 0 0 0 1 0 0 0 0 0
		2	 0 0 0 0 0 0 1 0 0
		3	 0 0 0 0 0 0 0 1 0
		4	 0 0 0 0 0 0 0 0 1
		5	 0 0 0 0 1 0 0 0 0
		6	 0 1 0 0 0 0 0 0 0
		7	 0 0 0 0 1 0 0 0 0
		8	 0 1 0 0 0 0 0 0 0
		9	 0 0 1 0 0 0 0 0 0
		10	 0 0 0 0 0 1 0 0 0
		11	 0 0 0 0 0 0 0 0 1
		12	 0 0 0 0 1 0 0 0 0
		13	 0 0 0 0 0 0 0 0 1
		14	 0 1 0 0 0 0 0 0 0
		15	 0 0 1 0 0 0 0 0 0
		16	 0 0 0 0 0 1 0 0 0
		17	 0 0 0 0 0 0 1 0 0
		18	 0 0 0 1 0 0 0 0 0;

param	C :=
		1	171726054.26
		2	213703575.77
		3	135307319.16
		4	174796614.85
		5	221360120.79
		6	220593872.94
		7	160482422.94
		8	148692773.80
		9	183906370.59
		10	166850755.56
		11	216841880.46
		12	148638389.44
		13	166388009.27
		14	230528552.60
		15	201878004.29
		16	235658009.97
		17	247069127.55
		18	229613574.11;

param	L :=
		1	9.75
		2	6.42
		3	5.30
		4	8.30
		5	9.97
		6	5.53
		7	8.03
		8	7.59
		9	8.30
		10	9.62
		11	6.11
		12	5.52
		13	6.41
		14	8.48
		15	8.34
		16	6.44
		17	9.94
		18	6.70;

param	S_M :=
		1	172329850434.38
		2	347364203381.84
		3	290443549309.34
		4	261662661869.09
		5	396753475019.60
		6	430373315667.67
		7	373291932195.06
		8	155708642196.39
		9	381130022959.36
		10	123534916065.66
		11	177066189900.49
		12	469917505982.08
		13	262040982945.60
		14	159316613040.38
		15	372914852269.83
		16	165395500305.85
		17	359290096426.60
		18	200645657268.19
		19	116550200520.36
		20	483489040126.39
		21	126488192325.37
		22	305176074434.26
		23	236518636487.97
		24	364003927458.16
		25	437770934847.52
		26	341546622682.84
		27	334885476390.29
		28	146813214213.86
		29	384180134177.11
		30	181809303138.05
		31	296147117302.86
		32	114643412174.40
		33	226161430235.51
		34	445212162839.74
		35	323386647289.67
		36	318683130510.59
		37	247129863573.64
		38	431262674039.58
		39	210540183773.06
		40	150263336666.65
		41	325112431797.07
		42	206935602149.58
		43	410013971322.54
		44	171762538215.82
		45	413302668535.00
		46	343198528333.72
		47	116699550461.42
		48	324510052876.64
		49	367255093930.78
		50	475357042666.63
		51	414402343524.79
		52	400172188608.33
		53	298820390333.82
		54	117093000661.15
		55	426746998578.30
		56	105449497676.74
		57	320016474286.04
		58	326718708530.02
		59	145167333914.86
		60	125110495932.51
		61	329889689986.81
		62	294194106316.28
		63	220568838854.06
		64	115918223218.65
		65	353557654589.65
		66	149734273280.22
		67	104642337766.15
		68	210666635471.41
		69	220618216037.66
		70	172127052601.34
		71	126791185232.59
		72	411693581410.41
		73	260299389691.33
		74	198325940522.70
		75	309508875142.40
		76	201994277557.29
		77	440763384721.77
		78	293401431236.13
		79	349259980454.43
		80	489229001951.71
		81	241899011816.74
		82	189858253688.28
		83	491485522250.59
		84	334829768400.33
		85	492672555495.00
		86	487466432126.18
		87	382041574288.56
		88	107754323592.40
		89	345132155780.84
		90	199823667615.93
		91	151774282901.61
		92	246504453961.21
		93	180037402045.69
		94	406592565470.27
		95	473672466033.13
		96	110560959223.58
		97	202425441723.07
		98	206479218077.66
		99	156931085360.05
		100	480599724331.87;

param	S_C :=
		1	995223905.18
		2	1212372329.68
		3	597878176.13
		4	976261342.42
		5	2265649511.13
		6	2428866032.21
		7	1812055648.23
		8	1093722213.66
		9	618671945.40
		10	2228872969.86
		11	810281794.84
		12	1039096180.03
		13	1596409301.42
		14	1004554880.09
		15	2189356171.27
		16	1504429765.09
		17	1469378786.48
		18	2310517261.83
		19	2330536771.49
		20	983255407.61
		21	537533784.46
		22	1840579392.35
		23	1041126816.77
		24	528612903.08
		25	694260782.74
		26	1337675410.84
		27	741096454.04
		28	914177995.10
		29	1990110931.57
		30	1411375991.12
		31	727019269.18
		32	930647329.94
		33	2360486508.33
		34	515789495.88
		35	1783743678.85
		36	1789325055.28
		37	1860502560.75
		38	1656306928.85
		39	2069056429.34
		40	2143694364.50
		41	1793658670.68
		42	859279261.68
		43	1952546007.21
		44	1069424175.53
		45	2182953103.08
		46	1640334292.11
		47	670535243.73
		48	2321904392.71
		49	1424911822.41
		50	2385807402.51
		51	580984564.21
		52	714909939.20
		53	2011439175.41
		54	583555168.46
		55	1403126309.69
		56	2132171663.92
		57	1338395478.30
		58	879918244.91
		59	2186821170.95
		60	714492637.28
		61	1076037176.87
		62	933937576.81
		63	1428534446.70
		64	1139180773.91
		65	2318188351.31
		66	2071254755.53
		67	1911501369.11
		68	779806900.68
		69	1723642670.32
		70	2202990053.96
		71	2347536930.29
		72	1824421174.18
		73	1017958947.54
		74	1053599349.12
		75	1770955983.72
		76	1948812217.72
		77	1111174507.94
		78	1855925175.99
		79	1512986883.72
		80	2158771506.26
		81	1866596118.60
		82	2320202432.91
		83	739879241.38
		84	2179466265.95
		85	2396539711.41
		86	1647241863.83
		87	508290054.76
		88	567024568.24
		89	1324932028.38
		90	1416554494.13
		91	1455303633.97
		92	1862841708.94
		93	2009782869.11
		94	2141569439.46
		95	1192618306.99
		96	1729900229.92
		97	1285734692.76
		98	1950691307.17
		99	1626945279.61
		100	1689557071.59;

param	S_T :=
		1	75.69
		2	29.33
		3	55.09
		4	77.37
		5	91.19
		6	64.57
		7	70.67
		8	62.58
		9	47.66
		10	87.66
		11	65.94
		12	40.88
		13	83.77
		14	86.76
		15	56.23
		16	74.37
		17	27.46
		18	77.81
		19	46.92
		20	21.80
		21	76.41
		22	63.86
		23	86.26
		24	29.22
		25	99.46
		26	46.60
		27	30.72
		28	23.39
		29	45.67
		30	36.79
		31	65.95
		32	96.67
		33	37.34
		34	46.33
		35	41.29
		36	41.69
		37	74.97
		38	91.46
		39	66.74
		40	52.05
		41	54.06
		42	64.24
		43	44.44
		44	40.62
		45	92.79
		46	60.92
		47	29.57
		48	65.65
		49	40.00
		50	20.43
		51	65.77
		52	48.66
		53	74.66
		54	69.12
		55	33.90
		56	44.11
		57	77.27
		58	54.45
		59	30.78
		60	33.92
		61	78.05
		62	69.96
		63	64.43
		64	24.46
		65	51.08
		66	55.66
		67	66.75
		68	75.69
		69	77.43
		70	67.36
		71	41.66
		72	52.66
		73	82.05
		74	57.25
		75	52.31
		76	88.36
		77	99.61
		78	53.61
		79	70.74
		80	92.90
		81	32.36
		82	43.30
		83	71.78
		84	34.27
		85	42.41
		86	94.90
		87	45.19
		88	27.68
		89	59.95
		90	26.08
		91	40.08
		92	96.41
		93	87.32
		94	31.90
		95	39.70
		96	24.38
		97	35.99
		98	84.72
		99	93.19
		100	70.00;

param	S_H :=
		1	12754732.35
		2	17689206.72
		3	22355849.53
		4	18033875.52
		5	7571880.40
		6	6774765.59
		7	18549327.56
		8	12111881.92
		9	11294526.93
		10	22801072.80
		11	22278307.55
		12	21113246.43
		13	12146465.23
		14	17815625.11
		15	16976650.95
		16	9710847.12
		17	16793925.25
		18	24940132.65
		19	6049492.74
		20	9750408.68
		21	11619735.34
		22	21018683.80
		23	13873588.81
		24	6254470.26
		25	11365135.68
		26	21610385.93
		27	19768945.04
		28	10576698.10
		29	19572003.06
		30	11393868.80
		31	8050827.66
		32	24697567.86
		33	10232600.95
		34	17172544.19
		35	23351698.23
		36	17859807.16
		37	13535590.61
		38	12944319.60
		39	5978131.91
		40	6624932.05
		41	14013609.76
		42	23446387.00
		43	9667389.06
		44	22377184.74
		45	21124540.13
		46	8483080.51
		47	11247549.28
		48	13567945.00
		49	22185473.80
		50	17683118.72
		51	21495882.30
		52	14941041.81
		53	16649214.80
		54	14078244.68
		55	10165433.46
		56	17366732.57
		57	16508350.42
		58	22348265.76
		59	23491531.91
		60	16483045.03
		61	18881651.30
		62	12843935.70
		63	18528813.07
		64	24964241.21
		65	23807644.30
		66	7824741.27
		67	23763366.39
		68	5773151.55
		69	5503693.33
		70	8555975.64
		71	11100958.44
		72	24694945.89
		73	23869228.96
		74	20279111.36
		75	17461801.65
		76	24377671.60
		77	16460325.38
		78	9264390.92
		79	7669075.24
		80	20275188.49
		81	15546366.09
		82	21347892.02
		83	20877021.12
		84	18403540.08
		85	20535163.62
		86	18762896.84
		87	13575295.25
		88	21602899.76
		89	23317801.28
		90	20548835.88
		91	6716993.15
		92	23993589.62
		93	14542514.02
		94	22709804.73
		95	6699107.28
		96	23764641.52
		97	11297138.50
		98	13421239.64
		99	18706769.77
		100	6816284.94;

param	S_W :=
		1	0.21
		2	0.58
		3	0.39
		4	0.11
		5	0.01
		6	0.90
		7	0.67
		8	0.32
		9	0.89
		10	0.97
		11	0.08
		12	0.26
		13	0.53
		14	0.92
		15	0.23
		16	0.94
		17	0.90
		18	0.34
		19	0.23
		20	0.18
		21	0.05
		22	0.96
		23	0.15
		24	0.96
		25	0.34
		26	0.06
		27	0.82
		28	0.80
		29	0.46
		30	0.77
		31	0.75
		32	0.45
		33	0.28
		34	0.14
		35	0.91
		36	0.08
		37	0.73
		38	0.08
		39	0.67
		40	0.06
		41	0.11
		42	0.48
		43	0.08
		44	0.03
		45	0.64
		46	0.90
		47	0.48
		48	0.84
		49	0.71
		50	0.93
		51	0.97
		52	0.59
		53	0.95
		54	0.71
		55	0.46
		56	0.92
		57	0.58
		58	0.24
		59	0.39
		60	0.42
		61	0.16
		62	0.02
		63	0.05
		64	0.68
		65	0.25
		66	0.15
		67	0.20
		68	0.82
		69	0.89
		70	0.45
		71	0.74
		72	0.58
		73	0.49
		74	0.64
		75	0.95
		76	0.80
		77	0.41
		78	0.25
		79	0.00
		80	0.29
		81	0.98
		82	0.42
		83	0.54
		84	0.06
		85	0.14
		86	0.99
		87	0.54
		88	0.22
		89	0.64
		90	0.73
		91	0.50
		92	0.33
		93	0.72
		94	0.13
		95	0.72
		96	0.45
		97	0.52
		98	0.63
		99	0.86
		100	0.32;

param	N_M :=
		1	1142860151436.00
		2	581979805301.18
		3	1071229123057.83
		4	291696625725.25
		5	357656679935.97
		6	845052064206.24
		7	779817362192.82
		8	668807428556.65
		9	585407849273.33;

param	N_C :=
		1	6602674889.76
		2	4943272834.98
		3	7622938957.14
		4	5662327707.99
		5	6209727402.04
		6	6808195863.06
		7	9912018442.36
		8	8378723772.30
		9	4718808413.35;

param	N_K :=
		1	92
		2	88
		3	33
		4	81
		5	86
		6	82
		7	80
		8	68
		9	38;

param	U_N: 1 2 3 4 5 6 7 8 9:=
		1	 0 0 1 0 0 0 0 0 0
		2	 0 0 0 1 0 0 0 0 0
		3	 0 0 0 1 1 0 1 1 0
		4	 0 1 1 0 0 0 0 0 0
		5	 0 0 0 0 0 1 0 0 0
		6	 0 0 0 0 0 0 1 1 0
		7	 0 1 1 0 1 1 0 0 0
		8	 0 0 0 0 0 0 1 1 0
		9	 1 0 0 0 0 0 0 0 0
		10	 1 0 0 1 0 0 0 0 0
		11	 0 0 0 0 0 0 1 0 0
		12	 0 0 0 0 0 1 0 0 1
		13	 0 0 0 0 0 0 1 0 0
		14	 1 0 0 0 0 0 0 0 0
		15	 0 0 0 0 0 0 0 1 0
		16	 0 1 0 0 0 0 0 0 0
		17	 0 0 0 1 1 0 1 1 0
		18	 0 0 1 0 0 1 0 0 0
		19	 0 0 0 0 1 1 0 0 0
		20	 0 0 0 0 0 0 1 1 0
		21	 0 0 0 0 0 0 1 0 0
		22	 0 0 0 0 1 1 0 1 1
		23	 0 1 1 0 0 0 0 0 0
		24	 0 0 0 0 0 0 1 1 0
		25	 0 0 0 0 0 0 0 0 1
		26	 0 0 0 0 0 0 0 0 1
		27	 0 1 0 0 0 0 0 0 0
		28	 0 0 1 0 0 1 0 0 0
		29	 0 0 1 0 0 1 0 0 0
		30	 0 0 0 0 0 0 1 1 0
		31	 0 0 0 0 0 0 0 0 1
		32	 0 0 0 1 1 0 0 0 0
		33	 0 0 1 0 0 0 0 0 0
		34	 0 1 0 0 0 0 0 0 0
		35	 0 0 0 0 0 0 1 0 0
		36	 0 0 0 0 0 0 0 1 0
		37	 0 0 0 0 0 0 0 1 1
		38	 0 0 0 0 0 0 0 1 1
		39	 1 1 0 1 1 0 0 0 0
		40	 0 0 1 0 0 0 0 0 0
		41	 0 0 1 0 0 0 0 0 0
		42	 0 0 0 1 1 0 1 1 0
		43	 1 1 0 0 0 0 0 0 0
		44	 0 0 0 0 0 0 0 0 1
		45	 1 1 0 0 0 0 0 0 0
		46	 0 0 0 1 1 0 1 1 0
		47	 0 0 0 1 1 0 1 1 0
		48	 0 1 1 0 1 1 0 0 0
		49	 0 0 0 1 1 0 1 1 0
		50	 0 0 1 0 0 0 0 0 0
		51	 0 0 0 0 0 0 1 1 0
		52	 0 0 1 0 0 0 0 0 0
		53	 0 0 0 1 1 0 1 1 0
		54	 0 1 1 0 0 0 0 0 0
		55	 0 0 0 1 0 0 0 0 0
		56	 0 0 0 1 0 0 1 0 0
		57	 0 0 0 0 0 0 1 1 0
		58	 1 1 0 0 0 0 0 0 0
		59	 0 0 0 0 1 1 0 0 0
		60	 0 0 1 0 0 1 0 0 0
		61	 0 1 1 0 1 1 0 0 0
		62	 0 0 0 0 0 0 0 1 1
		63	 0 0 1 0 0 0 0 0 0
		64	 0 0 0 0 0 0 1 1 0
		65	 0 0 0 0 0 1 0 0 1
		66	 0 0 0 0 1 1 0 0 0
		67	 0 1 1 0 0 0 0 0 0
		68	 0 0 0 1 1 0 1 1 0
		69	 0 0 0 0 0 0 0 0 1
		70	 1 1 0 0 0 0 0 0 0
		71	 1 1 0 0 0 0 0 0 0
		72	 0 1 1 0 0 0 0 0 0
		73	 0 0 0 1 0 0 0 0 0
		74	 0 0 0 1 1 0 0 0 0
		75	 0 0 0 0 0 0 0 1 1
		76	 0 1 0 0 0 0 0 0 0
		77	 0 0 0 0 0 0 0 0 1
		78	 0 0 0 0 0 1 0 0 0
		79	 1 0 0 1 0 0 0 0 0
		80	 0 1 1 0 0 0 0 0 0
		81	 0 0 0 0 0 1 0 0 1
		82	 1 1 0 0 0 0 0 0 0
		83	 0 0 0 1 0 0 0 0 0
		84	 0 0 0 0 0 0 0 0 1
		85	 0 1 0 0 0 0 0 0 0
		86	 0 0 1 0 0 1 0 0 0
		87	 0 0 0 0 0 0 0 1 0
		88	 0 0 1 0 0 0 0 0 0
		89	 0 0 0 0 0 1 0 0 1
		90	 0 0 0 0 1 0 0 0 0
		91	 0 0 1 0 0 1 0 0 0
		92	 0 0 0 0 0 1 0 0 0
		93	 0 0 0 0 1 1 0 0 0
		94	 0 0 0 1 1 0 0 0 0
		95	 1 0 0 0 0 0 0 0 0
		96	 0 1 1 0 1 1 0 0 0
		97	 0 0 0 0 0 0 0 0 1
		98	 0 0 0 1 0 0 0 0 0
		99	 0 0 0 0 0 1 0 0 1
		100	 0 0 0 1 0 0 0 0 0;

param	U_S :=
		1	30
		2	79
		3	62
		4	91
		5	92
		6	16
		7	33
		8	69
		9	75
		10	33
		11	27
		12	82
		13	1
		14	88
		15	41
		16	50
		17	94
		18	54
		19	48
		20	70
		21	41
		22	59
		23	74
		24	14
		25	70
		26	32
		27	28
		28	47
		29	20
		30	93
		31	93
		32	64
		33	37
		34	49
		35	52
		36	7
		37	19
		38	62
		39	25
		40	10
		41	77
		42	15
		43	8
		44	94
		45	30
		46	83
		47	23
		48	66
		49	66
		50	86
		51	10
		52	54
		53	72
		54	28
		55	57
		56	12
		57	42
		58	63
		59	58
		60	17
		61	19
		62	43
		63	5
		64	94
		65	6
		66	80
		67	98
		68	75
		69	27
		70	76
		71	46
		72	34
		73	88
		74	81
		75	29
		76	28
		77	45
		78	12
		79	38
		80	50
		81	68
		82	7
		83	17
		84	38
		85	47
		86	96
		87	90
		88	63
		89	81
		90	2
		91	41
		92	93
		93	59
		94	6
		95	64
		96	36
		97	52
		98	26
		99	14
		100	37;



